 # time nti nthot ntcold nte n0hot n0cold En_ion Whot1 Whot2 Whot Wcold Th Tc En_elec En_delta vmax vfinal
    0.00 936.00000 936.00013   0.00000 936.00013   1.00000   0.00000   0.00000   0.00000   0.00000   0.00000   0.00000   1.00000   0.01000   1.08325   1.08325   0.00000   0.00000
    0.20 936.00000 936.00013   0.00000 936.00013   1.00000   0.00000   0.00900   0.00045   0.00629   0.00674   0.00000   0.99999   0.01000   1.08098   1.08324   0.17132   0.34224
    0.40 936.00000 936.00013   0.00000 936.00013   1.00000   0.00000   0.03581   0.00184   0.02503   0.02687   0.00000   0.99994   0.01000   1.07427   1.08321   0.34147   0.67961
    0.60 936.00000 936.00013   0.00000 936.00013   1.00000   0.00000   0.07988   0.00427   0.05590   0.06018   0.00000   0.99987   0.01000   1.06343   1.08313   0.50920   1.00753
    0.80 936.00000 936.00012   0.00000 936.00012   1.00000   0.00000   0.14034   0.00789   0.09837   0.10627   0.00000   0.99977   0.01000   1.04891   1.08298   0.67347   1.32227
    1.00 936.00000 936.00012   0.00000 936.00012   1.00000   0.00000   0.21608   0.01291   0.15171   0.16463   0.00000   0.99965   0.01000   1.03128   1.08273   0.83343   1.62111
    1.20 936.00000 936.00012   0.00000 936.00012   1.00000   0.00000   0.30583   0.01960   0.21502   0.23462   0.00000   0.99950   0.01000   1.01116   1.08236   0.98843   1.90236
    1.40 936.00000 936.00009   0.00000 936.00009   1.00000   0.00000   0.40822   0.02821   0.28726   0.31548   0.00000   0.99933   0.01000   0.98916   1.08190   1.13801   2.16533
    1.60 936.00000 936.00011   0.00000 936.00011   1.00000   0.00000   0.52189   0.03909   0.36742   0.40651   0.00000   0.99914   0.01000   0.96587   1.08126   1.28192   2.40999
    1.80 936.00000 936.00010   0.00000 936.00010   1.00000   0.00000   0.64552   0.05248   0.45430   0.50678   0.00000   0.99892   0.01000   0.94180   1.08054   1.42004   2.63703
    2.00 936.00000 936.00010   0.00000 936.00010   1.00000   0.00000   0.77786   0.06867   0.54684   0.61551   0.00000   0.99869   0.01000   0.91739   1.07974   1.55240   2.84747
    2.20 936.00000 936.00010   0.00000 936.00010   1.00000   0.00000   0.91779   0.08791   0.64400   0.73191   0.00000   0.99845   0.01000   0.89300   1.07888   1.67910   3.04249
    2.40 936.00000 936.00009   0.00000 936.00009   1.00000   0.00000   1.06430   0.11038   0.74480   0.85518   0.00000   0.99818   0.01000   0.86889   1.07801   1.80035   3.22347
    2.60 936.00000 936.00008   0.00000 936.00008   1.00000   0.00000   1.21648   0.13627   0.84839   0.98466   0.00000   0.99791   0.01000   0.84528   1.07710   1.91636   3.39170
    2.80 936.00000 936.00007   0.00000 936.00007   1.00000   0.00000   1.37358   0.16570   0.95396   1.11966   0.00000   0.99762   0.01000   0.82231   1.07623   2.02739   3.54844
    3.00 936.00000 936.00002   0.00000 936.00002   1.00000   0.00000   1.53490   0.19873   1.06081   1.25955   0.00000   0.99733   0.01000   0.80008   1.07544   2.13372   3.69494
    3.20 936.00000 936.00007   0.00000 936.00007   1.00000   0.00000   1.69989   0.23554   1.16852   1.40406   0.00000   0.99702   0.01000   0.77865   1.07448   2.23561   3.83196
    3.40 936.00000 936.00007   0.00000 936.00007   1.00000   0.00000   1.86804   0.27602   1.27642   1.55245   0.00000   0.99670   0.01000   0.75805   1.07365   2.33333   3.96080
    3.60 936.00000 936.00007   0.00000 936.00007   1.00000   0.00000   2.03894   0.32024   1.38417   1.70440   0.00000   0.99638   0.01000   0.73829   1.07283   2.42714   4.08212
    3.80 936.00000 936.00006   0.00000 936.00006   1.00000   0.00000   2.21223   0.36814   1.49138   1.85952   0.00000   0.99605   0.01000   0.71937   1.07208   2.51728   4.19674
    4.00 936.00000 936.00006   0.00000 936.00006   1.00000   0.00000   2.38761   0.41973   1.59779   2.01752   0.00000   0.99571   0.01000   0.70127   1.07135   2.60398   4.30528
    4.20 936.00000 936.00007   0.00000 936.00007   1.00000   0.00000   2.56481   0.47493   1.70317   2.17811   0.00000   0.99537   0.01000   0.68395   1.07066   2.68746   4.40833
    4.40 936.00000 936.00007   0.00000 936.00007   1.00000   0.00000   2.74362   0.53370   1.80734   2.34104   0.00000   0.99503   0.01000   0.66739   1.06998   2.76792   4.50639
    4.60 936.00000 936.00006   0.00000 936.00006   1.00000   0.00000   2.92385   0.59591   1.91010   2.50601   0.00000   0.99467   0.01000   0.65156   1.06940   2.84554   4.59986
    4.80 936.00000 936.00006   0.00000 936.00006   1.00000   0.00000   3.10533   0.66156   2.01139   2.67294   0.00000   0.99432   0.01000   0.63642   1.06881   2.92051   4.68920
    5.00 936.00000 936.00006   0.00000 936.00006   1.00000   0.00000   3.28792   0.73051   2.11109   2.84159   0.00000   0.99396   0.01000   0.62193   1.06826   2.99297   4.77471
    5.20 936.00000 936.00005   0.00000 936.00005   1.00000   0.00000   3.47150   0.80269   2.20914   3.01182   0.00000   0.99360   0.01000   0.60807   1.06775   3.06308   4.85670
    5.40 936.00000 936.00007   0.00000 936.00007   1.00000   0.00000   3.65597   0.87802   2.30552   3.18354   0.00000   0.99323   0.01000   0.59478   1.06721   3.13097   4.93550
    5.60 936.00000 936.00005   0.00000 936.00005   1.00000   0.00000   3.84122   0.95635   2.40013   3.35648   0.00000   0.99286   0.01000   0.58206   1.06680   3.19678   5.01122
    5.80 936.00000 935.99989   0.00000 935.99989   1.00000   0.00000   4.02718   1.03746   2.49278   3.53024   0.00000   0.99249   0.01000   0.56989   1.06683   3.26060   5.08479
    6.00 936.00000 936.00005   0.00000 936.00005   1.00000   0.00000   4.21379   1.12186   2.58413   3.70599   0.00000   0.99212   0.01000   0.55816   1.06596   3.32258   5.15461
    6.20 936.00000 936.00004   0.00000 936.00004   1.00000   0.00000   4.40095   1.20878   2.67351   3.88229   0.00000   0.99174   0.01000   0.54692   1.06558   3.38278   5.22257
    6.40 936.00000 936.00004   0.00000 936.00004   1.00000   0.00000   4.58863   1.29838   2.76118   4.05956   0.00000   0.99136   0.01000   0.53613   1.06519   3.44130   5.28831
    6.60 936.00000 936.00004   0.00000 936.00004   1.00000   0.00000   4.77676   1.39055   2.84711   4.23766   0.00000   0.99098   0.01000   0.52575   1.06485   3.49823   5.35191
    6.80 936.00000 936.00004   0.00000 936.00004   1.00000   0.00000   4.96532   1.48523   2.93136   4.41659   0.00000   0.99060   0.01000   0.51577   1.06450   3.55366   5.41354
    7.00 936.00000 936.00004   0.00000 936.00004   1.00000   0.00000   5.15425   1.58230   3.01392   4.59622   0.00000   0.99022   0.01000   0.50616   1.06419   3.60766   5.47330
    7.20 936.00000 936.00004   0.00000 936.00004   1.00000   0.00000   5.34352   1.68170   3.09485   4.77655   0.00000   0.98984   0.01000   0.49691   1.06388   3.66029   5.53130
    7.40 936.00000 936.00004   0.00000 936.00004   1.00000   0.00000   5.53310   1.78335   3.17415   4.95750   0.00000   0.98945   0.01000   0.48799   1.06359   3.71162   5.58764
    7.60 936.00000 936.00004   0.00000 936.00004   1.00000   0.00000   5.72295   1.88716   3.25187   5.13903   0.00000   0.98906   0.01000   0.47939   1.06331   3.76171   5.64241
    7.80 936.00000 936.00004   0.00000 936.00004   1.00000   0.00000   5.91305   1.99305   3.32804   5.32110   0.00000   0.98867   0.01000   0.47109   1.06305   3.81061   5.69570
    8.00 936.00000 936.00004   0.00000 936.00004   1.00000   0.00000   6.10338   2.10097   3.40270   5.50367   0.00000   0.98828   0.01000   0.46308   1.06280   3.85839   5.74758
    8.20 936.00000 936.00003   0.00000 936.00003   1.00000   0.00000   6.29392   2.21082   3.47586   5.68668   0.00000   0.98789   0.01000   0.45534   1.06257   3.90508   5.79811
    8.40 936.00000 936.00004   0.00000 936.00004   1.00000   0.00000   6.48463   2.32258   3.54760   5.87018   0.00000   0.98750   0.01000   0.44785   1.06230   3.95074   5.84741
    8.60 936.00000 936.00003   0.00000 936.00003   1.00000   0.00000   6.67551   2.43612   3.61790   6.05403   0.00000   0.98711   0.01000   0.44062   1.06210   3.99541   5.89545
    8.80 936.00000 936.00003   0.00000 936.00003   1.00000   0.00000   6.86654   2.55143   3.68683   6.23826   0.00000   0.98672   0.01000   0.43361   1.06189   4.03913   5.94237
    9.00 936.00000 936.00003   0.00000 936.00003   1.00000   0.00000   7.05770   2.66842   3.75442   6.42284   0.00000   0.98632   0.01000   0.42683   1.06169   4.08193   5.98817
    9.20 936.00000 936.00003   0.00000 936.00003   1.00000   0.00000   7.24897   2.78704   3.82070   6.60775   0.00000   0.98593   0.01000   0.42027   1.06149   4.12386   6.03293
    9.40 936.00000 936.00003   0.00000 936.00003   1.00000   0.00000   7.44035   2.90724   3.88571   6.79295   0.00000   0.98553   0.01000   0.41390   1.06130   4.16494   6.07669
    9.60 936.00000 936.00003   0.00000 936.00003   1.00000   0.00000   7.63182   3.02895   3.94946   6.97842   0.00000   0.98514   0.01000   0.40773   1.06113   4.20522   6.11947
    9.80 936.00000 936.00003   0.00000 936.00003   1.00000   0.00000   7.82337   3.15214   4.01201   7.16415   0.00000   0.98474   0.01000   0.40174   1.06095   4.24471   6.16135
   10.00 936.00000 936.00003   0.00000 936.00003   1.00000   0.00000   8.01499   3.27675   4.07338   7.35012   0.00000   0.98434   0.01000   0.39593   1.06079   4.28345   6.20233
   10.20 936.00000 936.00003   0.00000 936.00003   1.00000   0.00000   8.20667   3.40273   4.13360   7.53633   0.00000   0.98395   0.01000   0.39028   1.06062   4.32147   6.24248
   10.40 936.00000 936.00002   0.00000 936.00002   1.00000   0.00000   8.39839   3.53002   4.19269   7.72271   0.00000   0.98355   0.01000   0.38480   1.06049   4.35879   6.28178
   10.60 936.00000 936.00003   0.00000 936.00003   1.00000   0.00000   8.59017   3.65861   4.25071   7.90932   0.00000   0.98315   0.01000   0.37947   1.06032   4.39544   6.32034
   10.80 936.00000 936.00003   0.00000 936.00003   1.00000   0.00000   8.78197   3.78843   4.30765   8.09609   0.00000   0.98275   0.01000   0.37429   1.06018   4.43144   6.35812
   11.00 936.00000 936.00003   0.00000 936.00003   1.00000   0.00000   8.97381   3.91946   4.36357   8.28303   0.00000   0.98235   0.01000   0.36926   1.06004   4.46680   6.39520
   11.20 936.00000 936.00003   0.00000 936.00003   1.00000   0.00000   9.16566   4.05164   4.41847   8.47011   0.00000   0.98195   0.01000   0.36435   1.05991   4.50156   6.43156
   11.40 936.00000 936.00000   0.00000 936.00000   1.00000   0.00000   9.35753   4.18488   4.47235   8.65723   0.00000   0.98155   0.01000   0.35959   1.05989   4.53574   6.46714
   11.60 936.00000 936.00002   0.00000 936.00002   1.00000   0.00000   9.54941   4.31933   4.52536   8.84469   0.00000   0.98115   0.01000   0.35494   1.05966   4.56934   6.50229
   11.80 936.00000 936.00002   0.00000 936.00002   1.00000   0.00000   9.74129   4.45476   4.57741   9.03217   0.00000   0.98075   0.01000   0.35041   1.05953   4.60239   6.53671
   12.00 936.00000 936.00003   0.00000 936.00003   1.00000   0.00000   9.93317   4.59122   4.62854   9.21977   0.00000   0.98035   0.01000   0.34600   1.05940   4.63491   6.57054
   12.20 936.00000 936.00002   0.00000 936.00002   1.00000   0.00000  10.12504   4.72865   4.67879   9.40744   0.00000   0.97995   0.01000   0.34170   1.05930   4.66692   6.60375
   12.40 936.00000 936.00002   0.00000 936.00002   1.00000   0.00000  10.31690   4.86704   4.72818   9.59521   0.00000   0.97955   0.01000   0.33750   1.05919   4.69842   6.63641
   12.60 936.00000 936.00002   0.00000 936.00002   1.00000   0.00000  10.50875   5.00635   4.77672   9.78308   0.00000   0.97915   0.01000   0.33341   1.05908   4.72944   6.66853
   12.80 936.00000 936.00002   0.00000 936.00002   1.00000   0.00000  10.70057   5.14655   4.82445   9.97101   0.00000   0.97875   0.01000   0.32942   1.05899   4.75998   6.70010
   13.00 936.00000 936.00002   0.00000 936.00002   1.00000   0.00000  10.89237   5.28763   4.87139  10.15902   0.00000   0.97834   0.01000   0.32553   1.05888   4.79007   6.73119
   13.20 936.00000 936.00003   0.00000 936.00003   1.00000   0.00000  11.08414   5.42955   4.91755  10.34710   0.00000   0.97794   0.01000   0.32172   1.05876   4.81971   6.76177
   13.40 936.00000 936.00002   0.00000 936.00002   1.00000   0.00000  11.27588   5.57226   4.96294  10.53521   0.00000   0.97754   0.01000   0.31801   1.05869   4.84892   6.79185
   13.60 936.00000 936.00002   0.00000 936.00002   1.00000   0.00000  11.46759   5.71578   5.00760  10.72338   0.00000   0.97714   0.01000   0.31438   1.05859   4.87771   6.82148
   13.80 936.00000 936.00002   0.00000 936.00002   1.00000   0.00000  11.65926   5.86006   5.05153  10.91159   0.00000   0.97674   0.01000   0.31083   1.05851   4.90609   6.85064
   14.00 936.00000 935.99998   0.00000 935.99998   1.00000   0.00000  11.85089   6.00498   5.09467  11.09965   0.00000   0.97634   0.01000   0.30737   1.05862   4.93408   6.87915
   14.20 936.00000 936.00002   0.00000 936.00002   1.00000   0.00000  12.04249   6.15083   5.13730  11.28813   0.00000   0.97593   0.01000   0.30398   1.05833   4.96167   6.90767
   14.40 936.00000 936.00002   0.00000 936.00002   1.00000   0.00000  12.23403   6.29727   5.17917  11.47643   0.00000   0.97553   0.01000   0.30066   1.05826   4.98889   6.93555
   14.60 936.00000 936.00002   0.00000 936.00002   1.00000   0.00000  12.42553   6.44439   5.22039  11.66478   0.00000   0.97513   0.01000   0.29742   1.05817   5.01575   6.96305
   14.80 936.00000 936.00002   0.00000 936.00002   1.00000   0.00000  12.61697   6.59216   5.26097  11.85313   0.00000   0.97473   0.01000   0.29424   1.05809   5.04225   6.99014
   15.00 936.00000 936.00002   0.00000 936.00002   1.00000   0.00000  12.80837   6.74057   5.30092  12.04149   0.00000   0.97432   0.01000   0.29113   1.05801   5.06840   7.01684
   15.20 936.00000 936.00002   0.00000 936.00002   1.00000   0.00000  12.99971   6.88960   5.34026  12.22986   0.00000   0.97392   0.01000   0.28809   1.05794   5.09421   7.04317
   15.40 936.00000 936.00002   0.00000 936.00002   1.00000   0.00000  13.19100   7.03923   5.37902  12.41825   0.00000   0.97352   0.01000   0.28511   1.05786   5.11969   7.06916
   15.60 936.00000 936.00002   0.00000 936.00002   1.00000   0.00000  13.38223   7.18945   5.41718  12.60663   0.00000   0.97312   0.01000   0.28220   1.05779   5.14485   7.09477
   15.80 936.00000 936.00002   0.00000 936.00002   1.00000   0.00000  13.57339   7.34023   5.45478  12.79501   0.00000   0.97271   0.01000   0.27934   1.05772   5.16969   7.12005
   16.00 936.00000 936.00002   0.00000 936.00002   1.00000   0.00000  13.76450   7.49156   5.49182  12.98339   0.00000   0.97231   0.01000   0.27654   1.05765   5.19422   7.14500
   16.20 936.00000 936.00002   0.00000 936.00002   1.00000   0.00000  13.95555   7.64344   5.52833  13.17177   0.00000   0.97191   0.01000   0.27379   1.05757   5.21846   7.16964
   16.40 936.00000 936.00002   0.00000 936.00002   1.00000   0.00000  14.14653   7.79581   5.56429  13.36011   0.00000   0.97151   0.01000   0.27110   1.05752   5.24240   7.19391
   16.60 936.00000 936.00002   0.00000 936.00002   1.00000   0.00000  14.33744   7.94870   5.59975  13.54845   0.00000   0.97111   0.01000   0.26846   1.05746   5.26606   7.21790
   16.80 936.00000 936.00002   0.00000 936.00002   1.00000   0.00000  14.52829   8.10208   5.63469  13.73677   0.00000   0.97070   0.01000   0.26587   1.05740   5.28944   7.24158
   17.00 936.00000 936.00002   0.00000 936.00002   1.00000   0.00000  14.71907   8.25594   5.66913  13.92507   0.00000   0.97030   0.01000   0.26333   1.05734   5.31254   7.26497
   17.20 936.00000 936.00002   0.00000 936.00002   1.00000   0.00000  14.90979   8.41026   5.70309  14.11335   0.00000   0.96990   0.01000   0.26084   1.05728   5.33538   7.28807
   17.40 936.00000 936.00002   0.00000 936.00002   1.00000   0.00000  15.10043   8.56503   5.73658  14.30161   0.00000   0.96950   0.01000   0.25840   1.05722   5.35795   7.31089
   17.60 936.00000 936.00002   0.00000 936.00002   1.00000   0.00000  15.29100   8.72023   5.76960  14.48983   0.00000   0.96909   0.01000   0.25600   1.05716   5.38027   7.33343
   17.80 936.00000 936.00002   0.00000 936.00002   1.00000   0.00000  15.48149   8.87587   5.80216  14.67803   0.00000   0.96869   0.01000   0.25364   1.05711   5.40234   7.35570
   18.00 936.00000 936.00002   0.00000 936.00002   1.00000   0.00000  15.67191   9.03191   5.83428  14.86619   0.00000   0.96829   0.01000   0.25133   1.05705   5.42417   7.37772
   18.20 936.00000 936.00002   0.00000 936.00002   1.00000   0.00000  15.86226   9.18836   5.86596  15.05432   0.00000   0.96789   0.01000   0.24906   1.05700   5.44576   7.39947
   18.40 936.00000 936.00002   0.00000 936.00002   1.00000   0.00000  16.05253   9.34519   5.89722  15.24242   0.00000   0.96749   0.01000   0.24683   1.05694   5.46711   7.42098
   18.60 936.00000 936.00002   0.00000 936.00002   1.00000   0.00000  16.24273   9.50241   5.92806  15.43047   0.00000   0.96709   0.01000   0.24464   1.05689   5.48823   7.44223
   18.80 936.00000 936.00002   0.00000 936.00002   1.00000   0.00000  16.43285   9.66000   5.95849  15.61848   0.00000   0.96668   0.01000   0.24248   1.05685   5.50913   7.46325
   19.00 936.00000 936.00001   0.00000 936.00001   1.00000   0.00000  16.62289   9.81794   5.98851  15.80645   0.00000   0.96628   0.01000   0.24037   1.05680   5.52981   7.48402
   19.20 936.00000 936.00002   0.00000 936.00002   1.00000   0.00000  16.81285   9.97623   6.01815  15.99438   0.00000   0.96588   0.01000   0.23828   1.05675   5.55028   7.50457
   19.40 936.00000 936.00002   0.00000 936.00002   1.00000   0.00000  17.00273  10.13487   6.04740  16.18227   0.00000   0.96548   0.01000   0.23624   1.05670   5.57053   7.52490
   19.60 936.00000 936.00002   0.00000 936.00002   1.00000   0.00000  17.19253  10.29383   6.07627  16.37010   0.00000   0.96508   0.01000   0.23423   1.05665   5.59057   7.54500
   19.80 936.00000 936.00001   0.00000 936.00001   1.00000   0.00000  17.38224  10.45312   6.10477  16.55789   0.00000   0.96468   0.01000   0.23225   1.05661   5.61041   7.56489
   20.00 936.00000 936.00002   0.00000 936.00002   1.00000   0.00000  17.57188  10.61272   6.13291  16.74563   0.00000   0.96428   0.01000   0.23031   1.05656   5.63006   7.58457
   20.20 936.00000 936.00001   0.00000 936.00001   1.00000   0.00000  17.76144  10.77262   6.16069  16.93331   0.00000   0.96387   0.01000   0.22839   1.05652   5.64951   7.60403
   20.40 936.00000 936.00001   0.00000 936.00001   1.00000   0.00000  17.95091  10.93282   6.18813  17.12094   0.00000   0.96347   0.01000   0.22651   1.05648   5.66876   7.62329
   20.60 936.00000 936.00001   0.00000 936.00001   1.00000   0.00000  18.14029  11.09330   6.21522  17.30852   0.00000   0.96307   0.01000   0.22466   1.05643   5.68783   7.64236
   20.80 936.00000 936.00001   0.00000 936.00001   1.00000   0.00000  18.32960  11.25406   6.24198  17.49604   0.00000   0.96267   0.01000   0.22284   1.05639   5.70672   7.66123
   21.00 936.00000 936.00001   0.00000 936.00001   1.00000   0.00000  18.51881  11.41510   6.26840  17.68350   0.00000   0.96227   0.01000   0.22105   1.05635   5.72542   7.67990
   21.20 936.00000 936.00001   0.00000 936.00001   1.00000   0.00000  18.70795  11.57640   6.29451  17.87091   0.00000   0.96187   0.01000   0.21928   1.05631   5.74394   7.69839
   21.40 936.00000 936.00001   0.00000 936.00001   1.00000   0.00000  18.89699  11.73796   6.32030  18.05826   0.00000   0.96147   0.01000   0.21754   1.05627   5.76230   7.71669
   21.60 936.00000 936.00001   0.00000 936.00001   1.00000   0.00000  19.08595  11.89977   6.34578  18.24555   0.00000   0.96107   0.01000   0.21583   1.05623   5.78048   7.73481
   21.80 936.00000 936.00001   0.00000 936.00001   1.00000   0.00000  19.27482  12.06182   6.37095  18.43278   0.00000   0.96067   0.01000   0.21415   1.05620   5.79849   7.75276
   22.00 936.00000 936.00001   0.00000 936.00001   1.00000   0.00000  19.46361  12.22411   6.39583  18.61994   0.00000   0.96027   0.01000   0.21249   1.05616   5.81633   7.77052
   22.20 936.00000 936.00001   0.00000 936.00001   1.00000   0.00000  19.65231  12.38663   6.42041  18.80704   0.00000   0.95987   0.01000   0.21085   1.05612   5.83402   7.78813
   22.40 936.00000 936.00001   0.00000 936.00001   1.00000   0.00000  19.84092  12.54938   6.44470  18.99408   0.00000   0.95947   0.01000   0.20924   1.05609   5.85154   7.80555
   22.60 936.00000 936.00001   0.00000 936.00001   1.00000   0.00000  20.02944  12.71234   6.46871  19.18105   0.00000   0.95907   0.01000   0.20766   1.05605   5.86891   7.82282
   22.80 936.00000 936.00001   0.00000 936.00001   1.00000   0.00000  20.21787  12.87551   6.49244  19.36795   0.00000   0.95867   0.01000   0.20609   1.05601   5.88613   7.83992
   23.00 936.00000 936.00001   0.00000 936.00001   1.00000   0.00000  20.40622  13.03890   6.51590  19.55479   0.00000   0.95827   0.01000   0.20455   1.05598   5.90319   7.85687
   23.20 936.00000 936.00001   0.00000 936.00001   1.00000   0.00000  20.59447  13.20247   6.53909  19.74156   0.00000   0.95788   0.01000   0.20304   1.05595   5.92011   7.87365
   23.40 936.00000 936.00001   0.00000 936.00001   1.00000   0.00000  20.78264  13.36625   6.56201  19.92826   0.00000   0.95748   0.01000   0.20154   1.05591   5.93687   7.89028
   23.60 936.00000 936.00001   0.00000 936.00001   1.00000   0.00000  20.97071  13.53022   6.58468  20.11489   0.00000   0.95708   0.01000   0.20006   1.05588   5.95350   7.90676
   23.80 936.00000 936.00001   0.00000 936.00001   1.00000   0.00000  21.15869  13.69435   6.60708  20.30143   0.00000   0.95668   0.01000   0.19861   1.05588   5.96998   7.92305
   24.00 936.00000 936.00001   0.00000 936.00001   1.00000   0.00000  21.34659  13.85870   6.62925  20.48795   0.00000   0.95628   0.01000   0.19718   1.05582   5.98632   7.93928
   24.20 936.00000 936.00001   0.00000 936.00001   1.00000   0.00000  21.53439  14.02320   6.65117  20.67437   0.00000   0.95588   0.01000   0.19576   1.05578   6.00253   7.95532
   24.40 936.00000 936.00001   0.00000 936.00001   1.00000   0.00000  21.72210  14.18787   6.67284  20.86071   0.00000   0.95548   0.01000   0.19437   1.05576   6.01860   7.97122
   24.60 936.00000 936.00001   0.00000 936.00001   1.00000   0.00000  21.90972  14.35271   6.69428  21.04699   0.00000   0.95509   0.01000   0.19299   1.05572   6.03454   7.98698
   24.80 936.00000 936.00001   0.00000 936.00001   1.00000   0.00000  22.09725  14.51770   6.71549  21.23319   0.00000   0.95469   0.01000   0.19164   1.05569   6.05035   8.00261
   25.00 936.00000 936.00001   0.00000 936.00001   1.00000   0.00000  22.28468  14.68285   6.73646  21.41931   0.00000   0.95429   0.01000   0.19030   1.05566   6.06603   8.01810
   25.20 936.00000 936.00001   0.00000 936.00001   1.00000   0.00000  22.47202  14.84816   6.75721  21.60537   0.00000   0.95389   0.01000   0.18898   1.05563   6.08158   8.03346
   25.40 936.00000 936.00001   0.00000 936.00001   1.00000   0.00000  22.65927  15.01361   6.77774  21.79134   0.00000   0.95350   0.01000   0.18767   1.05561   6.09701   8.04869
   25.60 936.00000 936.00001   0.00000 936.00001   1.00000   0.00000  22.84643  15.17920   6.79805  21.97724   0.00000   0.95310   0.01000   0.18639   1.05558   6.11232   8.06379
   25.80 936.00000 936.00001   0.00000 936.00001   1.00000   0.00000  23.03350  15.34493   6.81814  22.16307   0.00000   0.95270   0.01000   0.18512   1.05555   6.12750   8.07876
   26.00 936.00000 936.00001   0.00000 936.00001   1.00000   0.00000  23.22047  15.51079   6.83802  22.34881   0.00000   0.95231   0.01000   0.18387   1.05552   6.14257   8.09361
   26.20 936.00000 936.00001   0.00000 936.00001   1.00000   0.00000  23.40735  15.67678   6.85770  22.53448   0.00000   0.95191   0.01000   0.18263   1.05549   6.15752   8.10834
   26.40 936.00000 936.00001   0.00000 936.00001   1.00000   0.00000  23.59413  15.84291   6.87717  22.72008   0.00000   0.95151   0.01000   0.18141   1.05546   6.17235   8.12295
   26.60 936.00000 936.00001   0.00000 936.00001   1.00000   0.00000  23.78082  16.00915   6.89644  22.90559   0.00000   0.95112   0.01000   0.18021   1.05544   6.18707   8.13744
   26.80 936.00000 936.00001   0.00000 936.00001   1.00000   0.00000  23.96742  16.17551   6.91551  23.09102   0.00000   0.95072   0.01000   0.17902   1.05542   6.20168   8.15181
   27.00 936.00000 936.00001   0.00000 936.00001   1.00000   0.00000  24.15392  16.34199   6.93439  23.27638   0.00000   0.95032   0.01000   0.17784   1.05539   6.21618   8.16607
   27.20 936.00000 936.00001   0.00000 936.00001   1.00000   0.00000  24.34033  16.50858   6.95308  23.46165   0.00000   0.94993   0.01000   0.17668   1.05536   6.23057   8.18022
   27.40 936.00000 936.00001   0.00000 936.00001   1.00000   0.00000  24.52665  16.67527   6.97157  23.64685   0.00000   0.94953   0.01000   0.17554   1.05534   6.24485   8.19424
   27.60 936.00000 936.00001   0.00000 936.00001   1.00000   0.00000  24.71287  16.84208   6.98988  23.83196   0.00000   0.94914   0.01000   0.17441   1.05531   6.25903   8.20816
   27.80 936.00000 936.00001   0.00000 936.00001   1.00000   0.00000  24.89899  17.00898   7.00801  24.01699   0.00000   0.94874   0.01000   0.17329   1.05529   6.27310   8.22198
   28.00 936.00000 936.00001   0.00000 936.00001   1.00000   0.00000  25.08502  17.17598   7.02596  24.20195   0.00000   0.94835   0.01000   0.17219   1.05526   6.28707   8.23569
   28.20 936.00000 936.00001   0.00000 936.00001   1.00000   0.00000  25.27096  17.34308   7.04373  24.38681   0.00000   0.94795   0.01000   0.17110   1.05524   6.30094   8.24929
   28.40 936.00000 936.00001   0.00000 936.00001   1.00000   0.00000  25.45680  17.51028   7.06133  24.57160   0.00000   0.94756   0.01000   0.17002   1.05522   6.31471   8.26279
   28.60 936.00000 936.00001   0.00000 936.00001   1.00000   0.00000  25.64255  17.67756   7.07875  24.75631   0.00000   0.94716   0.01000   0.16895   1.05519   6.32838   8.27618
   28.80 936.00000 936.00001   0.00000 936.00001   1.00000   0.00000  25.82820  17.84492   7.09601  24.94093   0.00000   0.94677   0.01000   0.16790   1.05517   6.34195   8.28948
   29.00 936.00000 936.00001   0.00000 936.00001   1.00000   0.00000  26.01376  18.01238   7.11309  25.12547   0.00000   0.94637   0.01000   0.16686   1.05515   6.35543   8.30267
   29.20 936.00000 936.00001   0.00000 936.00001   1.00000   0.00000  26.19922  18.17991   7.13002  25.30993   0.00000   0.94598   0.01000   0.16584   1.05513   6.36881   8.31577
   29.40 936.00000 936.00001   0.00000 936.00001   1.00000   0.00000  26.38458  18.34752   7.14678  25.49430   0.00000   0.94559   0.01000   0.16482   1.05510   6.38210   8.32877
   29.60 936.00000 936.00001   0.00000 936.00001   1.00000   0.00000  26.56985  18.51520   7.16338  25.67859   0.00000   0.94519   0.01000   0.16382   1.05508   6.39529   8.34168
   29.80 936.00000 936.00001   0.00000 936.00001   1.00000   0.00000  26.75502  18.68296   7.17983  25.86279   0.00000   0.94480   0.01000   0.16283   1.05506   6.40840   8.35449
   30.00 936.00000 936.00001   0.00000 936.00001   1.00000   0.00000  26.94010  18.85079   7.19612  26.04691   0.00000   0.94440   0.01000   0.16184   1.05504   6.42142   8.36721
   30.20 936.00000 936.00001   0.00000 936.00001   1.00000   0.00000  27.12509  19.01869   7.21225  26.23094   0.00000   0.94401   0.01000   0.16088   1.05502   6.43435   8.37983
   30.40 936.00000 936.00001   0.00000 936.00001   1.00000   0.00000  27.30997  19.18665   7.22824  26.41489   0.00000   0.94362   0.01000   0.15992   1.05500   6.44719   8.39237
   30.60 936.00000 936.00001   0.00000 936.00001   1.00000   0.00000  27.49476  19.35468   7.24408  26.59875   0.00000   0.94323   0.01000   0.15897   1.05498   6.45994   8.40482
   30.80 936.00000 936.00001   0.00000 936.00001   1.00000   0.00000  27.67946  19.52276   7.25977  26.78253   0.00000   0.94283   0.01000   0.15803   1.05496   6.47261   8.41718
   31.00 936.00000 936.00001   0.00000 936.00001   1.00000   0.00000  27.86406  19.69091   7.27532  26.96622   0.00000   0.94244   0.01000   0.15710   1.05494   6.48519   8.42945
   31.20 936.00000 936.00001   0.00000 936.00001   1.00000   0.00000  28.04856  19.85910   7.29072  27.14983   0.00000   0.94205   0.01000   0.15619   1.05492   6.49770   8.44164
   31.40 936.00000 936.00001   0.00000 936.00001   1.00000   0.00000  28.23297  20.02736   7.30599  27.33335   0.00000   0.94166   0.01000   0.15528   1.05490   6.51012   8.45374
   31.60 936.00000 936.00001   0.00000 936.00001   1.00000   0.00000  28.41728  20.19567   7.32112  27.51678   0.00000   0.94126   0.01000   0.15438   1.05488   6.52246   8.46576
   31.80 936.00000 936.00001   0.00000 936.00001   1.00000   0.00000  28.60149  20.36402   7.33611  27.70013   0.00000   0.94087   0.01000   0.15350   1.05486   6.53472   8.47769
   32.00 936.00000 936.00001   0.00000 936.00001   1.00000   0.00000  28.78561  20.53242   7.35097  27.88339   0.00000   0.94048   0.01000   0.15262   1.05484   6.54690   8.48955
   32.20 936.00000 936.00001   0.00000 936.00001   1.00000   0.00000  28.96963  20.70087   7.36569  28.06656   0.00000   0.94009   0.01000   0.15175   1.05482   6.55900   8.50133
   32.40 936.00000 936.00001   0.00000 936.00001   1.00000   0.00000  29.15355  20.86936   7.38029  28.24964   0.00000   0.93970   0.01000   0.15089   1.05480   6.57103   8.51302
   32.60 936.00000 936.00001   0.00000 936.00001   1.00000   0.00000  29.33738  21.03789   7.39475  28.43263   0.00000   0.93931   0.01000   0.15004   1.05479   6.58297   8.52463
   32.80 936.00000 936.00001   0.00000 936.00001   1.00000   0.00000  29.52111  21.20646   7.40909  28.61554   0.00000   0.93892   0.01000   0.14920   1.05477   6.59485   8.53617
   33.00 936.00000 936.00001   0.00000 936.00001   1.00000   0.00000  29.70475  21.37507   7.42330  28.79837   0.00000   0.93853   0.01000   0.14837   1.05475   6.60665   8.54765
   33.20 936.00000 936.00001   0.00000 936.00001   1.00000   0.00000  29.88829  21.54370   7.43738  28.98109   0.00000   0.93814   0.01000   0.14755   1.05475   6.61838   8.55900
   33.40 936.00000 936.00001   0.00000 936.00001   1.00000   0.00000  30.07173  21.71239   7.45135  29.16375   0.00000   0.93775   0.01000   0.14673   1.05472   6.63003   8.57034
   33.60 936.00000 936.00001   0.00000 936.00001   1.00000   0.00000  30.25508  21.88111   7.46520  29.34631   0.00000   0.93736   0.01000   0.14593   1.05469   6.64161   8.58160
   33.80 936.00000 936.00001   0.00000 936.00001   1.00000   0.00000  30.43832  22.04984   7.47893  29.52877   0.00000   0.93697   0.01000   0.14513   1.05468   6.65313   8.59275
   34.00 936.00000 936.00001   0.00000 936.00001   1.00000   0.00000  30.62148  22.21861   7.49254  29.71115   0.00000   0.93658   0.01000   0.14434   1.05466   6.66457   8.60386
   34.20 936.00000 936.00001   0.00000 936.00001   1.00000   0.00000  30.80453  22.38741   7.50603  29.89344   0.00000   0.93619   0.01000   0.14356   1.05464   6.67594   8.61488
   34.40 936.00000 936.00001   0.00000 936.00001   1.00000   0.00000  30.98749  22.55623   7.51941  30.07564   0.00000   0.93580   0.01000   0.14278   1.05463   6.68725   8.62583
   34.60 936.00000 936.00001   0.00000 936.00001   1.00000   0.00000  31.17035  22.72507   7.53268  30.25775   0.00000   0.93541   0.01000   0.14201   1.05461   6.69848   8.63671
   34.80 936.00000 936.00001   0.00000 936.00001   1.00000   0.00000  31.35312  22.89394   7.54584  30.43978   0.00000   0.93502   0.01000   0.14126   1.05459   6.70965   8.64753
   35.00 936.00000 936.00001   0.00000 936.00001   1.00000   0.00000  31.53579  23.06283   7.55888  30.62171   0.00000   0.93463   0.01000   0.14050   1.05458   6.72076   8.65827
   35.20 936.00000 936.00001   0.00000 936.00001   1.00000   0.00000  31.71836  23.23174   7.57182  30.80356   0.00000   0.93424   0.01000   0.13976   1.05456   6.73180   8.66896
   35.40 936.00000 936.00001   0.00000 936.00001   1.00000   0.00000  31.90083  23.40066   7.58465  30.98531   0.00000   0.93385   0.01000   0.13902   1.05455   6.74277   8.67957
   35.60 936.00000 936.00001   0.00000 936.00001   1.00000   0.00000  32.08321  23.56960   7.59738  31.16697   0.00000   0.93347   0.01000   0.13829   1.05453   6.75368   8.69012
   35.80 936.00000 936.00001   0.00000 936.00001   1.00000   0.00000  32.26549  23.73855   7.61000  31.34855   0.00000   0.93308   0.01000   0.13757   1.05452   6.76453   8.70061
   36.00 936.00000 936.00001   0.00000 936.00001   1.00000   0.00000  32.44768  23.90752   7.62251  31.53003   0.00000   0.93269   0.01000   0.13686   1.05450   6.77531   8.71103
   36.20 936.00000 936.00001   0.00000 936.00001   1.00000   0.00000  32.62976  24.07650   7.63493  31.71143   0.00000   0.93230   0.01000   0.13615   1.05449   6.78604   8.72138
   36.40 936.00000 936.00001   0.00000 936.00001   1.00000   0.00000  32.81175  24.24549   7.64724  31.89273   0.00000   0.93191   0.01000   0.13545   1.05447   6.79670   8.73168
   36.60 936.00000 936.00001   0.00000 936.00001   1.00000   0.00000  32.99365  24.41448   7.65946  32.07394   0.00000   0.93153   0.01000   0.13475   1.05445   6.80730   8.74191
   36.80 936.00000 936.00001   0.00000 936.00001   1.00000   0.00000  33.17544  24.58349   7.67158  32.25507   0.00000   0.93114   0.01000   0.13406   1.05444   6.81784   8.75208
   37.00 936.00000 936.00001   0.00000 936.00001   1.00000   0.00000  33.35714  24.75250   7.68360  32.43610   0.00000   0.93075   0.01000   0.13338   1.05442   6.82833   8.76219
   37.20 936.00000 936.00001   0.00000 936.00001   1.00000   0.00000  33.53875  24.92152   7.69552  32.61704   0.00000   0.93037   0.01000   0.13271   1.05441   6.83875   8.77224
   37.40 936.00000 936.00001   0.00000 936.00001   1.00000   0.00000  33.72025  25.09054   7.70735  32.79790   0.00000   0.92998   0.01000   0.13204   1.05439   6.84912   8.78224
   37.60 936.00000 936.00001   0.00000 936.00001   1.00000   0.00000  33.90166  25.25956   7.71909  32.97866   0.00000   0.92959   0.01000   0.13137   1.05438   6.85942   8.79217
   37.80 936.00000 936.00001   0.00000 936.00001   1.00000   0.00000  34.08298  25.42859   7.73074  33.15933   0.00000   0.92921   0.01000   0.13072   1.05437   6.86968   8.80205
   38.00 936.00000 936.00001   0.00000 936.00001   1.00000   0.00000  34.26419  25.59761   7.74229  33.33990   0.00000   0.92882   0.01000   0.13006   1.05435   6.87987   8.81186
   38.20 936.00000 936.00001   0.00000 936.00001   1.00000   0.00000  34.44531  25.76664   7.75375  33.52039   0.00000   0.92844   0.01000   0.12942   1.05434   6.89001   8.82162
   38.40 936.00000 936.00001   0.00000 936.00001   1.00000   0.00000  34.62633  25.93566   7.76513  33.70079   0.00000   0.92805   0.01000   0.12878   1.05432   6.90010   8.83133
   38.60 936.00000 936.00001   0.00000 936.00001   1.00000   0.00000  34.80726  26.10468   7.77641  33.88109   0.00000   0.92767   0.01000   0.12815   1.05431   6.91013   8.84097
   38.80 936.00000 936.00001   0.00000 936.00001   1.00000   0.00000  34.98809  26.27370   7.78761  34.06131   0.00000   0.92728   0.01000   0.12752   1.05430   6.92011   8.85057
   39.00 936.00000 936.00001   0.00000 936.00001   1.00000   0.00000  35.16882  26.44271   7.79873  34.24143   0.00000   0.92690   0.01000   0.12690   1.05428   6.93003   8.86011
   39.20 936.00000 936.00001   0.00000 936.00001   1.00000   0.00000  35.34946  26.61171   7.80976  34.42147   0.00000   0.92651   0.01000   0.12628   1.05427   6.93990   8.86960
   39.40 936.00000 936.00001   0.00000 936.00001   1.00000   0.00000  35.53000  26.78070   7.82070  34.60141   0.00000   0.92613   0.01000   0.12567   1.05426   6.94972   8.87903
   39.60 936.00000 936.00001   0.00000 936.00001   1.00000   0.00000  35.71044  26.94969   7.83157  34.78126   0.00000   0.92574   0.01000   0.12506   1.05424   6.95949   8.88841
   39.80 936.00000 936.00001   0.00000 936.00001   1.00000   0.00000  35.89078  27.11867   7.84235  34.96101   0.00000   0.92536   0.01000   0.12446   1.05423   6.96921   8.89774
   40.00 936.00000 936.00001   0.00000 936.00001   1.00000   0.00000  36.07103  27.28764   7.85305  35.14068   0.00000   0.92498   0.01000   0.12387   1.05422   6.97887   8.90702
   40.20 936.00000 936.00001   0.00000 936.00001   1.00000   0.00000  36.25118  27.45659   7.86366  35.32025   0.00000   0.92459   0.01000   0.12328   1.05421   6.98849   8.91623
   40.40 936.00000 936.00001   0.00000 936.00001   1.00000   0.00000  36.43124  27.62553   7.87421  35.49974   0.00000   0.92421   0.01000   0.12269   1.05419   6.99806   8.92541
   40.60 936.00000 936.00001   0.00000 936.00001   1.00000   0.00000  36.61120  27.79446   7.88467  35.67913   0.00000   0.92382   0.01000   0.12211   1.05418   7.00757   8.93454
   40.80 936.00000 936.00001   0.00000 936.00001   1.00000   0.00000  36.79106  27.96338   7.89505  35.85843   0.00000   0.92344   0.01000   0.12154   1.05417   7.01704   8.94361
   41.00 936.00000 936.00001   0.00000 936.00001   1.00000   0.00000  36.97083  28.13228   7.90536  36.03764   0.00000   0.92306   0.01000   0.12097   1.05416   7.02646   8.95264
   41.20 936.00000 936.00001   0.00000 936.00001   1.00000   0.00000  37.15049  28.30116   7.91559  36.21676   0.00000   0.92268   0.01000   0.12040   1.05414   7.03583   8.96162
   41.40 936.00000 936.00001   0.00000 936.00001   1.00000   0.00000  37.33007  28.47003   7.92575  36.39578   0.00000   0.92229   0.01000   0.11984   1.05413   7.04516   8.97054
   41.60 936.00000 936.00001   0.00000 936.00001   1.00000   0.00000  37.50954  28.63888   7.93584  36.57471   0.00000   0.92191   0.01000   0.11929   1.05412   7.05444   8.97942
   41.80 936.00000 936.00001   0.00000 936.00001   1.00000   0.00000  37.68892  28.80771   7.94585  36.75355   0.00000   0.92153   0.01000   0.11874   1.05411   7.06367   8.98826
   42.00 936.00000 936.00001   0.00000 936.00001   1.00000   0.00000  37.86821  28.97652   7.95579  36.93231   0.00000   0.92115   0.01000   0.11819   1.05409   7.07285   8.99707
   42.20 936.00000 936.00001   0.00000 936.00001   1.00000   0.00000  38.04739  29.14531   7.96565  37.11096   0.00000   0.92077   0.01000   0.11765   1.05408   7.08199   9.00578
   42.40 936.00000 936.00001   0.00000 936.00001   1.00000   0.00000  38.22648  29.31408   7.97545  37.28952   0.00000   0.92038   0.01000   0.11711   1.05407   7.09109   9.01448
   42.60 936.00000 936.00001   0.00000 936.00001   1.00000   0.00000  38.40548  29.48282   7.98517  37.46800   0.00000   0.92000   0.01000   0.11658   1.05406   7.10014   9.02313
   42.80 936.00000 936.00001   0.00000 936.00001   1.00000   0.00000  38.58438  29.65155   7.99483  37.64638   0.00000   0.91962   0.01000   0.11605   1.05405   7.10914   9.03173
   43.00 936.00000 936.00001   0.00000 936.00001   1.00000   0.00000  38.76318  29.82025   8.00442  37.82467   0.00000   0.91924   0.01000   0.11553   1.05404   7.11811   9.04029
   43.20 936.00000 936.00001   0.00000 936.00001   1.00000   0.00000  38.94188  29.98892   8.01394  38.00286   0.00000   0.91886   0.01000   0.11501   1.05403   7.12703   9.04881
   43.40 936.00000 936.00001   0.00000 936.00001   1.00000   0.00000  39.12049  30.15757   8.02340  38.18097   0.00000   0.91848   0.01000   0.11449   1.05401   7.13590   9.05728
   43.60 936.00000 936.00001   0.00000 936.00001   1.00000   0.00000  39.29900  30.32620   8.03278  38.35898   0.00000   0.91810   0.01000   0.11398   1.05400   7.14473   9.06570
   43.80 936.00000 936.00001   0.00000 936.00001   1.00000   0.00000  39.47742  30.49480   8.04210  38.53690   0.00000   0.91772   0.01000   0.11347   1.05399   7.15352   9.07409
   44.00 936.00000 936.00001   0.00000 936.00001   1.00000   0.00000  39.65574  30.66337   8.05136  38.71473   0.00000   0.91734   0.01000   0.11297   1.05398   7.16227   9.08243
   44.20 936.00000 936.00001   0.00000 936.00001   1.00000   0.00000  39.83396  30.83191   8.06055  38.89247   0.00000   0.91696   0.01000   0.11247   1.05397   7.17098   9.09073
   44.40 936.00000 936.00001   0.00000 936.00001   1.00000   0.00000  40.01209  31.00043   8.06968  39.07011   0.00000   0.91658   0.01000   0.11198   1.05396   7.17965   9.09899
   44.60 936.00000 936.00000   0.00000 936.00000   1.00000   0.00000  40.19013  31.16891   8.07875  39.24765   0.00000   0.91620   0.01000   0.11149   1.05396   7.18827   9.10718
   44.80 936.00000 936.00001   0.00000 936.00001   1.00000   0.00000  40.36806  31.33737   8.08775  39.42512   0.00000   0.91582   0.01000   0.11100   1.05394   7.19686   9.11539
   45.00 936.00000 936.00001   0.00000 936.00001   1.00000   0.00000  40.54590  31.50579   8.09670  39.60249   0.00000   0.91544   0.01000   0.11052   1.05393   7.20540   9.12352
   45.20 936.00000 936.00001   0.00000 936.00001   1.00000   0.00000  40.72365  31.67418   8.10558  39.77976   0.00000   0.91506   0.01000   0.11004   1.05392   7.21391   9.13162
   45.40 936.00000 936.00001   0.00000 936.00001   1.00000   0.00000  40.90129  31.84255   8.11440  39.95695   0.00000   0.91468   0.01000   0.10956   1.05391   7.22237   9.13967
   45.60 936.00000 936.00001   0.00000 936.00001   1.00000   0.00000  41.07885  32.01087   8.12316  40.13404   0.00000   0.91431   0.01000   0.10909   1.05390   7.23080   9.14769
   45.80 936.00000 936.00001   0.00000 936.00001   1.00000   0.00000  41.25630  32.17917   8.13187  40.31104   0.00000   0.91393   0.01000   0.10862   1.05389   7.23919   9.15566
   46.00 936.00000 936.00001   0.00000 936.00001   1.00000   0.00000  41.43367  32.34743   8.14051  40.48794   0.00000   0.91355   0.01000   0.10815   1.05388   7.24754   9.16360
   46.20 936.00000 936.00001   0.00000 936.00001   1.00000   0.00000  41.61093  32.51566   8.14910  40.66476   0.00000   0.91317   0.01000   0.10769   1.05387   7.25585   9.17150
   46.40 936.00000 936.00001   0.00000 936.00001   1.00000   0.00000  41.78810  32.68385   8.15763  40.84148   0.00000   0.91279   0.01000   0.10723   1.05386   7.26412   9.17936
   46.60 936.00000 936.00001   0.00000 936.00001   1.00000   0.00000  41.96517  32.85201   8.16610  41.01811   0.00000   0.91242   0.01000   0.10678   1.05385   7.27236   9.18718
   46.80 936.00000 936.00001   0.00000 936.00001   1.00000   0.00000  42.14215  33.02013   8.17452  41.19464   0.00000   0.91204   0.01000   0.10633   1.05384   7.28056   9.19497
   47.00 936.00000 936.00001   0.00000 936.00001   1.00000   0.00000  42.31904  33.18821   8.18288  41.37109   0.00000   0.91166   0.01000   0.10588   1.05383   7.28872   9.20271
   47.20 936.00000 936.00001   0.00000 936.00001   1.00000   0.00000  42.49582  33.35626   8.19118  41.54744   0.00000   0.91129   0.01000   0.10544   1.05382   7.29685   9.21043
   47.40 936.00000 936.00001   0.00000 936.00001   1.00000   0.00000  42.67251  33.52427   8.19943  41.72370   0.00000   0.91091   0.01000   0.10500   1.05381   7.30494   9.21810
   47.60 936.00000 936.00001   0.00000 936.00001   1.00000   0.00000  42.84911  33.69224   8.20763  41.89987   0.00000   0.91053   0.01000   0.10456   1.05380   7.31299   9.22574
   47.80 936.00000 936.00001   0.00000 936.00001   1.00000   0.00000  43.02561  33.86017   8.21578  42.07595   0.00000   0.91016   0.01000   0.10412   1.05379   7.32101   9.23334
   48.00 936.00000 936.00001   0.00000 936.00001   1.00000   0.00000  43.20202  34.02806   8.22387  42.25193   0.00000   0.90978   0.01000   0.10369   1.05378   7.32900   9.24091
   48.20 936.00000 936.00001   0.00000 936.00001   1.00000   0.00000  43.37833  34.19592   8.23191  42.42783   0.00000   0.90941   0.01000   0.10326   1.05377   7.33695   9.24845
   48.40 936.00000 936.00001   0.00000 936.00001   1.00000   0.00000  43.55454  34.36373   8.23990  42.60362   0.00000   0.90903   0.01000   0.10284   1.05376   7.34486   9.25594
   48.60 936.00000 936.00001   0.00000 936.00001   1.00000   0.00000  43.73066  34.53150   8.24783  42.77933   0.00000   0.90865   0.01000   0.10242   1.05375   7.35274   9.26340
   48.80 936.00000 936.00001   0.00000 936.00001   1.00000   0.00000  43.90669  34.69923   8.25572  42.95494   0.00000   0.90828   0.01000   0.10200   1.05374   7.36059   9.27082
   49.00 936.00000 936.00001   0.00000 936.00001   1.00000   0.00000  44.08262  34.86691   8.26355  43.13047   0.00000   0.90790   0.01000   0.10158   1.05373   7.36840   9.27822
   49.20 936.00000 936.00001   0.00000 936.00001   1.00000   0.00000  44.25845  35.03456   8.27134  43.30590   0.00000   0.90753   0.01000   0.10117   1.05372   7.37618   9.28558
   49.40 936.00000 936.00001   0.00000 936.00001   1.00000   0.00000  44.43419  35.20216   8.27907  43.48123   0.00000   0.90715   0.01000   0.10076   1.05371   7.38392   9.29290
   49.60 936.00000 936.00001   0.00000 936.00001   1.00000   0.00000  44.60983  35.36972   8.28676  43.65648   0.00000   0.90678   0.01000   0.10035   1.05370   7.39163   9.30019
   49.80 936.00000 936.00001   0.00000 936.00001   1.00000   0.00000  44.78538  35.53724   8.29440  43.83164   0.00000   0.90641   0.01000   0.09995   1.05370   7.39931   9.30745
   50.00 936.00000 936.00001   0.00000 936.00001   1.00000   0.00000  44.96084  35.70471   8.30199  44.00670   0.00000   0.90603   0.01000   0.09955   1.05369   7.40696   9.31468
   50.20 936.00000 936.00001   0.00000 936.00001   1.00000   0.00000  45.13619  35.87214   8.30953  44.18167   0.00000   0.90566   0.01000   0.09915   1.05368   7.41457   9.32187
   50.40 936.00000 936.00001   0.00000 936.00001   1.00000   0.00000  45.31146  36.03952   8.31703  44.35654   0.00000   0.90528   0.01000   0.09876   1.05367   7.42216   9.32903
   50.60 936.00000 936.00001   0.00000 936.00001   1.00000   0.00000  45.48663  36.20685   8.32448  44.53133   0.00000   0.90491   0.01000   0.09836   1.05366   7.42971   9.33616
   50.80 936.00000 936.00001   0.00000 936.00001   1.00000   0.00000  45.66170  36.37414   8.33188  44.70602   0.00000   0.90454   0.01000   0.09797   1.05365   7.43723   9.34326
   51.00 936.00000 936.00001   0.00000 936.00001   1.00000   0.00000  45.83668  36.54139   8.33924  44.88063   0.00000   0.90416   0.01000   0.09759   1.05364   7.44472   9.35032
   51.20 936.00000 936.00001   0.00000 936.00001   1.00000   0.00000  46.01157  36.70859   8.34655  45.05514   0.00000   0.90379   0.01000   0.09720   1.05363   7.45217   9.35736
   51.40 936.00000 936.00001   0.00000 936.00001   1.00000   0.00000  46.18636  36.87574   8.35382  45.22955   0.00000   0.90342   0.01000   0.09682   1.05363   7.45960   9.36436
   51.60 936.00000 936.00001   0.00000 936.00001   1.00000   0.00000  46.36106  37.04284   8.36104  45.40388   0.00000   0.90305   0.01000   0.09644   1.05362   7.46700   9.37133
   51.80 936.00000 936.00001   0.00000 936.00001   1.00000   0.00000  46.53566  37.20989   8.36822  45.57811   0.00000   0.90267   0.01000   0.09606   1.05361   7.47436   9.37827
   52.00 936.00000 936.00001   0.00000 936.00001   1.00000   0.00000  46.71017  37.37690   8.37535  45.75225   0.00000   0.90230   0.01000   0.09569   1.05360   7.48170   9.38519
   52.20 936.00000 936.00001   0.00000 936.00001   1.00000   0.00000  46.88458  37.54386   8.38245  45.92630   0.00000   0.90193   0.01000   0.09532   1.05359   7.48901   9.39207
   52.40 936.00000 936.00001   0.00000 936.00001   1.00000   0.00000  47.05890  37.71077   8.38950  46.10026   0.00000   0.90156   0.01000   0.09495   1.05359   7.49628   9.39892
   52.60 936.00000 936.00001   0.00000 936.00001   1.00000   0.00000  47.23312  37.87763   8.39650  46.27413   0.00000   0.90119   0.01000   0.09458   1.05358   7.50353   9.40574
   52.80 936.00000 936.00001   0.00000 936.00001   1.00000   0.00000  47.40725  38.04444   8.40347  46.44790   0.00000   0.90082   0.01000   0.09422   1.05357   7.51075   9.41254
   53.00 936.00000 936.00001   0.00000 936.00001   1.00000   0.00000  47.58129  38.21120   8.41039  46.62158   0.00000   0.90044   0.01000   0.09386   1.05356   7.51794   9.41930
   53.20 936.00000 936.00001   0.00000 936.00001   1.00000   0.00000  47.75523  38.37790   8.41727  46.79518   0.00000   0.90007   0.01000   0.09350   1.05355   7.52510   9.42604
   53.40 936.00000 936.00001   0.00000 936.00001   1.00000   0.00000  47.92908  38.54456   8.42411  46.96867   0.00000   0.89970   0.01000   0.09314   1.05354   7.53223   9.43274
   53.60 936.00000 936.00001   0.00000 936.00001   1.00000   0.00000  48.10283  38.71117   8.43091  47.14208   0.00000   0.89933   0.01000   0.09279   1.05354   7.53933   9.43942
   53.80 936.00000 936.00001   0.00000 936.00001   1.00000   0.00000  48.27649  38.87773   8.43767  47.31540   0.00000   0.89896   0.01000   0.09244   1.05353   7.54641   9.44607
   54.00 936.00000 936.00001   0.00000 936.00001   1.00000   0.00000  48.45005  39.04423   8.44439  47.48862   0.00000   0.89859   0.01000   0.09209   1.05352   7.55346   9.45269
   54.20 936.00000 936.00001   0.00000 936.00001   1.00000   0.00000  48.62352  39.21068   8.45107  47.66175   0.00000   0.89822   0.01000   0.09174   1.05351   7.56048   9.45928
   54.40 936.00000 936.00001   0.00000 936.00001   1.00000   0.00000  48.79690  39.37708   8.45771  47.83479   0.00000   0.89785   0.01000   0.09140   1.05351   7.56747   9.46585
   54.60 936.00000 936.00001   0.00000 936.00001   1.00000   0.00000  48.97019  39.54343   8.46432  48.00774   0.00000   0.89748   0.01000   0.09105   1.05350   7.57444   9.47239
   54.80 936.00000 936.00001   0.00000 936.00001   1.00000   0.00000  49.14338  39.70972   8.47088  48.18060   0.00000   0.89711   0.01000   0.09071   1.05349   7.58138   9.47890
   55.00 936.00000 936.00001   0.00000 936.00001   1.00000   0.00000  49.31647  39.87596   8.47741  48.35336   0.00000   0.89674   0.01000   0.09037   1.05348   7.58829   9.48538
   55.20 936.00000 936.00001   0.00000 936.00001   1.00000   0.00000  49.48947  40.04215   8.48389  48.52604   0.00000   0.89638   0.01000   0.09004   1.05347   7.59517   9.49184
   55.40 936.00000 936.00001   0.00000 936.00001   1.00000   0.00000  49.66238  40.20828   8.49034  48.69862   0.00000   0.89601   0.01000   0.08971   1.05347   7.60203   9.49827
   55.60 936.00000 936.00001   0.00000 936.00001   1.00000   0.00000  49.83520  40.37435   8.49676  48.87111   0.00000   0.89564   0.01000   0.08937   1.05346   7.60886   9.50468
   55.80 936.00000 936.00001   0.00000 936.00001   1.00000   0.00000  50.00792  40.54038   8.50313  49.04351   0.00000   0.89527   0.01000   0.08904   1.05345   7.61567   9.51105
   56.00 936.00000 936.00001   0.00000 936.00001   1.00000   0.00000  50.18055  40.70635   8.50947  49.21582   0.00000   0.89490   0.01000   0.08872   1.05344   7.62245   9.51741
   56.20 936.00000 936.00001   0.00000 936.00001   1.00000   0.00000  50.35308  40.87226   8.51578  49.38804   0.00000   0.89453   0.01000   0.08839   1.05344   7.62921   9.52373
   56.40 936.00000 936.00001   0.00000 936.00001   1.00000   0.00000  50.52552  41.03812   8.52205  49.56016   0.00000   0.89417   0.01000   0.08807   1.05343   7.63594   9.53003
   56.60 936.00000 936.00001   0.00000 936.00001   1.00000   0.00000  50.69787  41.20392   8.52828  49.73220   0.00000   0.89380   0.01000   0.08775   1.05342   7.64264   9.53631
   56.80 936.00000 936.00001   0.00000 936.00001   1.00000   0.00000  50.87013  41.36966   8.53447  49.90414   0.00000   0.89343   0.01000   0.08743   1.05342   7.64932   9.54256
   57.00 936.00000 936.00000   0.00000 936.00000   1.00000   0.00000  51.04229  41.53534   8.54063  50.07597   0.00000   0.89306   0.01000   0.08711   1.05343   7.65597   9.54872
   57.20 936.00000 936.00001   0.00000 936.00001   1.00000   0.00000  51.21436  41.70099   8.54676  50.24775   0.00000   0.89270   0.01000   0.08680   1.05340   7.66260   9.55498
   57.40 936.00000 936.00001   0.00000 936.00001   1.00000   0.00000  51.38633  41.86656   8.55286  50.41942   0.00000   0.89233   0.01000   0.08648   1.05339   7.66921   9.56116
   57.60 936.00000 936.00000   0.00000 936.00000   1.00000   0.00000  51.55822  42.03208   8.55892  50.59100   0.00000   0.89196   0.01000   0.08617   1.05339   7.67579   9.56730
   57.80 936.00000 936.00001   0.00000 936.00001   1.00000   0.00000  51.73000  42.19754   8.56494  50.76249   0.00000   0.89160   0.01000   0.08586   1.05338   7.68234   9.57343
   58.00 936.00000 936.00001   0.00000 936.00001   1.00000   0.00000  51.90170  42.36295   8.57093  50.93388   0.00000   0.89123   0.01000   0.08555   1.05337   7.68887   9.57953
   58.20 936.00000 936.00000   0.00000 936.00000   1.00000   0.00000  52.07330  42.52830   8.57689  51.10519   0.00000   0.89086   0.01000   0.08525   1.05337   7.69538   9.58561
   58.40 936.00000 936.00000   0.00000 936.00000   1.00000   0.00000  52.24481  42.69358   8.58282  51.27640   0.00000   0.89050   0.01000   0.08495   1.05336   7.70186   9.59167
   58.60 936.00000 936.00000   0.00000 936.00000   1.00000   0.00000  52.41623  42.85881   8.58871  51.44752   0.00000   0.89013   0.01000   0.08464   1.05335   7.70832   9.59769
   58.80 936.00000 936.00001   0.00000 936.00001   1.00000   0.00000  52.58756  43.02399   8.59457  51.61856   0.00000   0.88977   0.01000   0.08434   1.05335   7.71476   9.60370
   59.00 936.00000 936.00001   0.00000 936.00001   1.00000   0.00000  52.75879  43.18910   8.60040  51.78950   0.00000   0.88940   0.01000   0.08405   1.05334   7.72117   9.60969
   59.20 936.00000 936.00000   0.00000 936.00000   1.00000   0.00000  52.92993  43.35415   8.60619  51.96035   0.00000   0.88904   0.01000   0.08375   1.05333   7.72756   9.61564
   59.40 936.00000 936.00000   0.00000 936.00000   1.00000   0.00000  53.10098  43.51915   8.61196  52.13111   0.00000   0.88867   0.01000   0.08346   1.05333   7.73393   9.62158
   59.60 936.00000 936.00000   0.00000 936.00000   1.00000   0.00000  53.27193  43.68408   8.61769  52.30178   0.00000   0.88831   0.01000   0.08316   1.05332   7.74028   9.62749
   59.80 936.00000 936.00000   0.00000 936.00000   1.00000   0.00000  53.44279  43.84896   8.62339  52.47235   0.00000   0.88794   0.01000   0.08287   1.05331   7.74660   9.63338
   60.00 936.00000 936.00000   0.00000 936.00000   1.00000   0.00000  53.61356  44.01378   8.62907  52.64284   0.00000   0.88758   0.01000   0.08258   1.05331   7.75290   9.63925
   60.20 936.00000 936.00000   0.00000 936.00000   1.00000   0.00000  53.78424  44.17853   8.63471  52.81324   0.00000   0.88722   0.01000   0.08230   1.05330   7.75917   9.64510
   60.40 936.00000 936.00000   0.00000 936.00000   1.00000   0.00000  53.95482  44.34323   8.64032  52.98354   0.00000   0.88685   0.01000   0.08201   1.05329   7.76543   9.65092
   60.60 936.00000 936.00000   0.00000 936.00000   1.00000   0.00000  54.12532  44.50786   8.64590  53.15376   0.00000   0.88649   0.01000   0.08173   1.05329   7.77166   9.65672
   60.80 936.00000 936.00000   0.00000 936.00000   1.00000   0.00000  54.29572  44.67244   8.65145  53.32388   0.00000   0.88612   0.01000   0.08144   1.05328   7.77787   9.66250
   61.00 936.00000 936.00000   0.00000 936.00000   1.00000   0.00000  54.46603  44.83695   8.65697  53.49392   0.00000   0.88576   0.01000   0.08116   1.05327   7.78406   9.66826
   61.20 936.00000 936.00000   0.00000 936.00000   1.00000   0.00000  54.63624  45.00140   8.66246  53.66386   0.00000   0.88540   0.01000   0.08088   1.05327   7.79023   9.67399
   61.40 936.00000 936.00000   0.00000 936.00000   1.00000   0.00000  54.80637  45.16579   8.66792  53.83371   0.00000   0.88503   0.01000   0.08061   1.05326   7.79637   9.67971
   61.60 936.00000 936.00000   0.00000 936.00000   1.00000   0.00000  54.97640  45.33012   8.67335  54.00348   0.00000   0.88467   0.01000   0.08033   1.05325   7.80249   9.68540
   61.80 936.00000 936.00000   0.00000 936.00000   1.00000   0.00000  55.14634  45.49439   8.67876  54.17315   0.00000   0.88431   0.01000   0.08006   1.05325   7.80860   9.69107
   62.00 936.00000 936.00000   0.00000 936.00000   1.00000   0.00000  55.31619  45.65860   8.68413  54.34273   0.00000   0.88395   0.01000   0.07979   1.05324   7.81468   9.69672
   62.20 936.00000 936.00000   0.00000 936.00000   1.00000   0.00000  55.48594  45.82274   8.68948  54.51222   0.00000   0.88359   0.01000   0.07951   1.05324   7.82074   9.70235
   62.40 936.00000 936.00000   0.00000 936.00000   1.00000   0.00000  55.65561  45.98682   8.69480  54.68163   0.00000   0.88322   0.01000   0.07925   1.05323   7.82678   9.70796
   62.60 936.00000 936.00000   0.00000 936.00000   1.00000   0.00000  55.82518  46.15084   8.70009  54.85094   0.00000   0.88286   0.01000   0.07898   1.05322   7.83280   9.71354
   62.80 936.00000 936.00000   0.00000 936.00000   1.00000   0.00000  55.99466  46.31480   8.70536  55.02016   0.00000   0.88250   0.01000   0.07871   1.05322   7.83880   9.71911
   63.00 936.00000 936.00000   0.00000 936.00000   1.00000   0.00000  56.16405  46.47870   8.71059  55.18929   0.00000   0.88214   0.01000   0.07845   1.05321   7.84478   9.72466
   63.20 936.00000 936.00000   0.00000 936.00000   1.00000   0.00000  56.33335  46.64253   8.71580  55.35833   0.00000   0.88178   0.01000   0.07818   1.05320   7.85073   9.73018
   63.40 936.00000 936.00000   0.00000 936.00000   1.00000   0.00000  56.50256  46.80630   8.72099  55.52728   0.00000   0.88142   0.01000   0.07792   1.05320   7.85667   9.73569
   63.60 936.00000 936.00000   0.00000 936.00000   1.00000   0.00000  56.67167  46.96999   8.72614  55.69613   0.00000   0.88106   0.01000   0.07766   1.05320   7.86259   9.74113
   63.80 936.00000 936.00000   0.00000 936.00000   1.00000   0.00000  56.84070  47.13364   8.73127  55.86491   0.00000   0.88069   0.01000   0.07740   1.05319   7.86849   9.74664
   64.00 936.00000 936.00000   0.00000 936.00000   1.00000   0.00000  57.00963  47.29722   8.73637  56.03359   0.00000   0.88033   0.01000   0.07715   1.05318   7.87436   9.75208
   64.20 936.00000 936.00000   0.00000 936.00000   1.00000   0.00000  57.17847  47.46073   8.74145  56.20219   0.00000   0.87997   0.01000   0.07689   1.05317   7.88022   9.75751
   64.40 936.00000 936.00000   0.00000 936.00000   1.00000   0.00000  57.34722  47.62419   8.74650  56.37069   0.00000   0.87961   0.01000   0.07664   1.05317   7.88606   9.76292
   64.60 936.00000 936.00000   0.00000 936.00000   1.00000   0.00000  57.51588  47.78757   8.75153  56.53910   0.00000   0.87925   0.01000   0.07638   1.05316   7.89188   9.76830
   64.80 936.00000 936.00000   0.00000 936.00000   1.00000   0.00000  57.68444  47.95089   8.75653  56.70742   0.00000   0.87889   0.01000   0.07613   1.05316   7.89768   9.77367
   65.00 936.00000 936.00000   0.00000 936.00000   1.00000   0.00000  57.85292  48.11415   8.76150  56.87565   0.00000   0.87854   0.01000   0.07588   1.05315   7.90346   9.77902
   65.20 936.00000 936.00000   0.00000 936.00000   1.00000   0.00000  58.02131  48.27735   8.76645  57.04380   0.00000   0.87818   0.01000   0.07563   1.05314   7.90922   9.78435
   65.40 936.00000 936.00000   0.00000 936.00000   1.00000   0.00000  58.18960  48.44047   8.77137  57.21185   0.00000   0.87782   0.01000   0.07539   1.05314   7.91496   9.78966
   65.60 936.00000 936.00000   0.00000 936.00000   1.00000   0.00000  58.35780  48.60354   8.77627  57.37981   0.00000   0.87746   0.01000   0.07514   1.05313   7.92069   9.79495
   65.80 936.00000 936.00000   0.00000 936.00000   1.00000   0.00000  58.52592  48.76654   8.78115  57.54769   0.00000   0.87710   0.01000   0.07490   1.05313   7.92639   9.80022
   66.00 936.00000 936.00000   0.00000 936.00000   1.00000   0.00000  58.69394  48.92947   8.78600  57.71547   0.00000   0.87674   0.01000   0.07465   1.05312   7.93208   9.80547
   66.20 936.00000 936.00000   0.00000 936.00000   1.00000   0.00000  58.86187  49.09234   8.79083  57.88317   0.00000   0.87638   0.01000   0.07441   1.05312   7.93775   9.81071
   66.40 936.00000 936.00000   0.00000 936.00000   1.00000   0.00000  59.02971  49.25514   8.79563  58.05077   0.00000   0.87602   0.01000   0.07417   1.05311   7.94339   9.81593
   66.60 936.00000 936.00000   0.00000 936.00000   1.00000   0.00000  59.19746  49.41788   8.80040  58.21829   0.00000   0.87567   0.01000   0.07393   1.05311   7.94903   9.82112
   66.80 936.00000 936.00000   0.00000 936.00000   1.00000   0.00000  59.36512  49.58056   8.80516  58.38572   0.00000   0.87531   0.01000   0.07369   1.05310   7.95464   9.82631
   67.00 936.00000 936.00000   0.00000 936.00000   1.00000   0.00000  59.53269  49.74316   8.80989  58.55305   0.00000   0.87495   0.01000   0.07346   1.05309   7.96023   9.83147
   67.20 936.00000 936.00000   0.00000 936.00000   1.00000   0.00000  59.70017  49.90570   8.81460  58.72030   0.00000   0.87459   0.01000   0.07322   1.05309   7.96581   9.83661
   67.40 936.00000 936.00000   0.00000 936.00000   1.00000   0.00000  59.86756  50.06818   8.81928  58.88746   0.00000   0.87424   0.01000   0.07299   1.05308   7.97137   9.84174
   67.60 936.00000 936.00000   0.00000 936.00000   1.00000   0.00000  60.03485  50.23059   8.82394  59.05453   0.00000   0.87388   0.01000   0.07275   1.05308   7.97691   9.84685
   67.80 936.00000 936.00000   0.00000 936.00000   1.00000   0.00000  60.20206  50.39293   8.82858  59.22151   0.00000   0.87352   0.01000   0.07252   1.05307   7.98243   9.85194
   68.00 936.00000 936.00000   0.00000 936.00000   1.00000   0.00000  60.36918  50.55521   8.83320  59.38841   0.00000   0.87317   0.01000   0.07229   1.05307   7.98794   9.85701
   68.20 936.00000 936.00000   0.00000 936.00000   1.00000   0.00000  60.53620  50.71742   8.83779  59.55521   0.00000   0.87281   0.01000   0.07206   1.05306   7.99343   9.86207
   68.40 936.00000 936.00000   0.00000 936.00000   1.00000   0.00000  60.70314  50.87956   8.84236  59.72192   0.00000   0.87245   0.01000   0.07184   1.05305   7.99890   9.86711
   68.60 936.00000 936.00000   0.00000 936.00000   1.00000   0.00000  60.86999  51.04164   8.84691  59.88855   0.00000   0.87210   0.01000   0.07161   1.05305   8.00435   9.87213
   68.80 936.00000 936.00000   0.00000 936.00000   1.00000   0.00000  61.03674  51.20365   8.85144  60.05508   0.00000   0.87174   0.01000   0.07138   1.05304   8.00979   9.87714
   69.00 936.00000 936.00000   0.00000 936.00000   1.00000   0.00000  61.20341  51.36559   8.85594  60.22153   0.00000   0.87139   0.01000   0.07116   1.05304   8.01521   9.88212
   69.20 936.00000 936.00000   0.00000 936.00000   1.00000   0.00000  61.36999  51.52746   8.86043  60.38789   0.00000   0.87103   0.01000   0.07094   1.05303   8.02061   9.88709
   69.40 936.00000 936.00000   0.00000 936.00000   1.00000   0.00000  61.53647  51.68927   8.86489  60.55416   0.00000   0.87068   0.01000   0.07072   1.05303   8.02600   9.89205
   69.60 936.00000 936.00000   0.00000 936.00000   1.00000   0.00000  61.70287  51.85101   8.86933  60.72034   0.00000   0.87032   0.01000   0.07049   1.05302   8.03137   9.89699
   69.80 936.00000 936.00000   0.00000 936.00000   1.00000   0.00000  61.86918  52.01269   8.87375  60.88644   0.00000   0.86997   0.01000   0.07027   1.05302   8.03672   9.90191
   70.00 936.00000 936.00000   0.00000 936.00000   1.00000   0.00000  62.03540  52.17429   8.87815  61.05244   0.00000   0.86961   0.01000   0.07006   1.05301   8.04206   9.90681
   70.20 936.00000 936.00000   0.00000 936.00000   1.00000   0.00000  62.20152  52.33583   8.88252  61.21836   0.00000   0.86926   0.01000   0.06984   1.05301   8.04738   9.91170
   70.40 936.00000 936.00000   0.00000 936.00000   1.00000   0.00000  62.36756  52.49731   8.88688  61.38418   0.00000   0.86890   0.01000   0.06962   1.05300   8.05268   9.91657
   70.60 936.00000 936.00000   0.00000 936.00000   1.00000   0.00000  62.53351  52.65871   8.89122  61.54992   0.00000   0.86855   0.01000   0.06941   1.05300   8.05797   9.92142
   70.80 936.00000 936.00000   0.00000 936.00000   1.00000   0.00000  62.69937  52.82004   8.89553  61.71557   0.00000   0.86819   0.01000   0.06919   1.05299   8.06324   9.92626
   71.00 936.00000 936.00000   0.00000 936.00000   1.00000   0.00000  62.86514  52.98131   8.89983  61.88114   0.00000   0.86784   0.01000   0.06898   1.05299   8.06849   9.93109
   71.20 936.00000 936.00000   0.00000 936.00000   1.00000   0.00000  63.03082  53.14251   8.90410  62.04661   0.00000   0.86749   0.01000   0.06877   1.05298   8.07373   9.93589
   71.40 936.00000 936.00000   0.00000 936.00000   1.00000   0.00000  63.19641  53.30364   8.90835  62.21200   0.00000   0.86713   0.01000   0.06856   1.05298   8.07895   9.94069
   71.60 936.00000 936.00000   0.00000 936.00000   1.00000   0.00000  63.36192  53.46471   8.91259  62.37730   0.00000   0.86678   0.01000   0.06835   1.05297   8.08416   9.94546
   71.80 936.00000 936.00000   0.00000 936.00000   1.00000   0.00000  63.52733  53.62570   8.91680  62.54250   0.00000   0.86643   0.01000   0.06814   1.05297   8.08935   9.95022
   72.00 936.00000 936.00000   0.00000 936.00000   1.00000   0.00000  63.69265  53.78663   8.92100  62.70763   0.00000   0.86607   0.01000   0.06793   1.05296   8.09453   9.95496
   72.20 936.00000 936.00000   0.00000 936.00000   1.00000   0.00000  63.85789  53.94749   8.92517  62.87266   0.00000   0.86572   0.01000   0.06773   1.05296   8.09969   9.95969
   72.40 936.00000 936.00000   0.00000 936.00000   1.00000   0.00000  64.02303  54.10828   8.92933  63.03761   0.00000   0.86537   0.01000   0.06752   1.05295   8.10483   9.96441
   72.60 936.00000 936.00000   0.00000 936.00000   1.00000   0.00000  64.18809  54.26900   8.93347  63.20246   0.00000   0.86502   0.01000   0.06732   1.05295   8.10996   9.96910
   72.80 936.00000 936.00000   0.00000 936.00000   1.00000   0.00000  64.35306  54.42965   8.93758  63.36723   0.00000   0.86466   0.01000   0.06711   1.05294   8.11508   9.97379
   73.00 936.00000 936.00000   0.00000 936.00000   1.00000   0.00000  64.51794  54.59023   8.94168  63.53191   0.00000   0.86431   0.01000   0.06691   1.05294   8.12018   9.97845
   73.20 936.00000 936.00000   0.00000 936.00000   1.00000   0.00000  64.68273  54.75075   8.94576  63.69651   0.00000   0.86396   0.01000   0.06671   1.05293   8.12526   9.98311
   73.40 936.00000 936.00000   0.00000 936.00000   1.00000   0.00000  64.84743  54.91119   8.94982  63.86101   0.00000   0.86361   0.01000   0.06651   1.05293   8.13033   9.98774
   73.60 936.00000 936.00000   0.00000 936.00000   1.00000   0.00000  65.01204  55.07157   8.95387  64.02543   0.00000   0.86326   0.01000   0.06631   1.05292   8.13538   9.99237
   73.80 936.00000 936.00000   0.00000 936.00000   1.00000   0.00000  65.17657  55.23187   8.95789  64.18976   0.00000   0.86291   0.01000   0.06611   1.05292   8.14042   9.99697
   74.00 936.00000 936.00000   0.00000 936.00000   1.00000   0.00000  65.34100  55.39211   8.96190  64.35401   0.00000   0.86256   0.01000   0.06592   1.05291   8.14544  10.00157
   74.20 936.00000 936.00000   0.00000 936.00000   1.00000   0.00000  65.50535  55.55228   8.96588  64.51816   0.00000   0.86221   0.01000   0.06572   1.05291   8.15045  10.00614
   74.40 936.00000 936.00000   0.00000 936.00000   1.00000   0.00000  65.66961  55.71238   8.96985  64.68223   0.00000   0.86186   0.01000   0.06552   1.05290   8.15545  10.01071
   74.60 936.00000 936.00000   0.00000 936.00000   1.00000   0.00000  65.83378  55.87241   8.97380  64.84621   0.00000   0.86150   0.01000   0.06533   1.05290   8.16043  10.01526
   74.80 936.00000 936.00000   0.00000 936.00000   1.00000   0.00000  65.99786  56.03237   8.97774  65.01011   0.00000   0.86115   0.01000   0.06514   1.05289   8.16539  10.01979
   75.00 936.00000 936.00000   0.00000 936.00000   1.00000   0.00000  66.16185  56.19226   8.98165  65.17391   0.00000   0.86080   0.01000   0.06494   1.05289   8.17034  10.02431
   75.20 936.00000 936.00000   0.00000 936.00000   1.00000   0.00000  66.32576  56.35208   8.98555  65.33763   0.00000   0.86045   0.01000   0.06475   1.05288   8.17528  10.02882
   75.40 936.00000 936.00000   0.00000 936.00000   1.00000   0.00000  66.48958  56.51183   8.98943  65.50126   0.00000   0.86011   0.01000   0.06456   1.05288   8.18020  10.03331
   75.60 936.00000 936.00000   0.00000 936.00000   1.00000   0.00000  66.65331  56.67151   8.99329  65.66481   0.00000   0.85976   0.01000   0.06437   1.05287   8.18511  10.03779
   75.80 936.00000 936.00000   0.00000 936.00000   1.00000   0.00000  66.81695  56.83112   8.99714  65.82826   0.00000   0.85941   0.01000   0.06418   1.05287   8.19001  10.04225
   76.00 936.00000 936.00000   0.00000 936.00000   1.00000   0.00000  66.98050  56.99066   9.00097  65.99163   0.00000   0.85906   0.01000   0.06400   1.05286   8.19489  10.04670
   76.20 936.00000 936.00000   0.00000 936.00000   1.00000   0.00000  67.14397  57.15014   9.00478  66.15492   0.00000   0.85871   0.01000   0.06381   1.05286   8.19975  10.05114
   76.40 936.00000 936.00000   0.00000 936.00000   1.00000   0.00000  67.30734  57.30954   9.00858  66.31811   0.00000   0.85836   0.01000   0.06362   1.05285   8.20460  10.05556
   76.60 936.00000 936.00000   0.00000 936.00000   1.00000   0.00000  67.47063  57.46887   9.01235  66.48122   0.00000   0.85801   0.01000   0.06344   1.05285   8.20944  10.05997
   76.80 936.00000 936.00000   0.00000 936.00000   1.00000   0.00000  67.63383  57.62813   9.01611  66.64424   0.00000   0.85766   0.01000   0.06325   1.05285   8.21427  10.06436
   77.00 936.00000 936.00000   0.00000 936.00000   1.00000   0.00000  67.79695  57.78732   9.01986  66.80718   0.00000   0.85731   0.01000   0.06307   1.05284   8.21908  10.06874
   77.20 936.00000 936.00000   0.00000 936.00000   1.00000   0.00000  67.95997  57.94644   9.02359  66.97003   0.00000   0.85697   0.01000   0.06289   1.05284   8.22388  10.07311
   77.40 936.00000 936.00000   0.00000 936.00000   1.00000   0.00000  68.12291  58.10549   9.02730  67.13279   0.00000   0.85662   0.01000   0.06271   1.05283   8.22866  10.07747
   77.60 936.00000 936.00000   0.00000 936.00000   1.00000   0.00000  68.28576  58.26447   9.03099  67.29546   0.00000   0.85627   0.01000   0.06253   1.05283   8.23343  10.08181
   77.80 936.00000 936.00000   0.00000 936.00000   1.00000   0.00000  68.44853  58.42338   9.03467  67.45805   0.00000   0.85592   0.01000   0.06235   1.05282   8.23819  10.08613
   78.00 936.00000 936.00000   0.00000 936.00000   1.00000   0.00000  68.61120  58.58222   9.03834  67.62055   0.00000   0.85558   0.01000   0.06217   1.05282   8.24293  10.09045
   78.20 936.00000 936.00000   0.00000 936.00000   1.00000   0.00000  68.77379  58.74098   9.04198  67.78297   0.00000   0.85523   0.01000   0.06199   1.05281   8.24766  10.09475
   78.40 936.00000 936.00000   0.00000 936.00000   1.00000   0.00000  68.93629  58.89968   9.04561  67.94530   0.00000   0.85488   0.01000   0.06181   1.05281   8.25238  10.09904
   78.60 936.00000 936.00000   0.00000 936.00000   1.00000   0.00000  69.09871  59.05831   9.04923  68.10754   0.00000   0.85454   0.01000   0.06164   1.05281   8.25708  10.10331
   78.80 936.00000 936.00000   0.00000 936.00000   1.00000   0.00000  69.26103  59.21686   9.05283  68.26969   0.00000   0.85419   0.01000   0.06146   1.05280   8.26178  10.10758
   79.00 936.00000 936.00000   0.00000 936.00000   1.00000   0.00000  69.42327  59.37535   9.05641  68.43176   0.00000   0.85384   0.01000   0.06129   1.05280   8.26645  10.11182
   79.20 936.00000 936.00000   0.00000 936.00000   1.00000   0.00000  69.58542  59.53376   9.05998  68.59374   0.00000   0.85350   0.01000   0.06111   1.05279   8.27112  10.11606
   79.40 936.00000 936.00000   0.00000 936.00000   1.00000   0.00000  69.74749  59.69211   9.06353  68.75564   0.00000   0.85315   0.01000   0.06094   1.05279   8.27577  10.12028
   79.60 936.00000 936.00000   0.00000 936.00000   1.00000   0.00000  69.90947  59.85038   9.06707  68.91745   0.00000   0.85281   0.01000   0.06077   1.05278   8.28041  10.12450
   79.80 936.00000 936.00000   0.00000 936.00000   1.00000   0.00000  70.07136  60.00858   9.07060  69.07918   0.00000   0.85246   0.01000   0.06060   1.05278   8.28504  10.12869
   80.00 936.00000 936.00000   0.00000 936.00000   1.00000   0.00000  70.23316  60.16671   9.07410  69.24081   0.00000   0.85211   0.01000   0.06042   1.05278   8.28965  10.13288
   80.20 936.00000 936.00000   0.00000 936.00000   1.00000   0.00000  70.39488  60.32477   9.07760  69.40237   0.00000   0.85177   0.01000   0.06025   1.05277   8.29425  10.13705
   80.40 936.00000 936.00000   0.00000 936.00000   1.00000   0.00000  70.55651  60.48276   9.08107  69.56383   0.00000   0.85142   0.01000   0.06009   1.05277   8.29884  10.14121
   80.60 936.00000 936.00000   0.00000 936.00000   1.00000   0.00000  70.71806  60.64068   9.08454  69.72521   0.00000   0.85108   0.01000   0.05992   1.05276   8.30342  10.14536
   80.80 936.00000 936.00000   0.00000 936.00000   1.00000   0.00000  70.87952  60.79852   9.08799  69.88651   0.00000   0.85074   0.01000   0.05975   1.05276   8.30799  10.14950
   81.00 936.00000 936.00000   0.00000 936.00000   1.00000   0.00000  71.04089  60.95630   9.09142  70.04771   0.00000   0.85039   0.01000   0.05958   1.05275   8.31254  10.15362
   81.20 936.00000 936.00000   0.00000 936.00000   1.00000   0.00000  71.20217  61.11400   9.09484  70.20884   0.00000   0.85005   0.01000   0.05942   1.05275   8.31708  10.15773
   81.40 936.00000 936.00000   0.00000 936.00000   1.00000   0.00000  71.36337  61.27163   9.09824  70.36987   0.00000   0.84970   0.01000   0.05925   1.05275   8.32160  10.16183
   81.60 936.00000 936.00000   0.00000 936.00000   1.00000   0.00000  71.52448  61.42919   9.10163  70.53082   0.00000   0.84936   0.01000   0.05909   1.05274   8.32612  10.16592
   81.80 936.00000 936.00000   0.00000 936.00000   1.00000   0.00000  71.68550  61.58668   9.10501  70.69169   0.00000   0.84901   0.01000   0.05892   1.05274   8.33062  10.16999
   82.00 936.00000 936.00000   0.00000 936.00000   1.00000   0.00000  71.84644  61.74410   9.10837  70.85247   0.00000   0.84867   0.01000   0.05876   1.05273   8.33511  10.17406
   82.20 936.00000 936.00000   0.00000 936.00000   1.00000   0.00000  72.00730  61.90144   9.11172  71.01316   0.00000   0.84833   0.01000   0.05860   1.05273   8.33959  10.17811
   82.40 936.00000 936.00000   0.00000 936.00000   1.00000   0.00000  72.16806  62.05872   9.11505  71.17377   0.00000   0.84798   0.01000   0.05844   1.05272   8.34406  10.18215
   82.60 936.00000 936.00000   0.00000 936.00000   1.00000   0.00000  72.32874  62.21592   9.11837  71.33430   0.00000   0.84764   0.01000   0.05827   1.05272   8.34852  10.18618
   82.80 936.00000 936.00000   0.00000 936.00000   1.00000   0.00000  72.48934  62.37305   9.12168  71.49473   0.00000   0.84730   0.01000   0.05811   1.05272   8.35296  10.19019
   83.00 936.00000 936.00000   0.00000 936.00000   1.00000   0.00000  72.64984  62.53011   9.12497  71.65509   0.00000   0.84696   0.01000   0.05795   1.05271   8.35739  10.19420
   83.20 936.00000 936.00000   0.00000 936.00000   1.00000   0.00000  72.81026  62.68710   9.12825  71.81535   0.00000   0.84661   0.01000   0.05780   1.05271   8.36181  10.19819
   83.40 936.00000 936.00000   0.00000 936.00000   1.00000   0.00000  72.97060  62.84402   9.13152  71.97553   0.00000   0.84627   0.01000   0.05764   1.05270   8.36622  10.20217
   83.60 936.00000 936.00000   0.00000 936.00000   1.00000   0.00000  73.13085  63.00086   9.13477  72.13563   0.00000   0.84593   0.01000   0.05748   1.05270   8.37062  10.20614
   83.80 936.00000 936.00000   0.00000 936.00000   1.00000   0.00000  73.29101  63.15764   9.13801  72.29564   0.00000   0.84559   0.01000   0.05732   1.05270   8.37500  10.21010
   84.00 936.00000 936.00000   0.00000 936.00000   1.00000   0.00000  73.45109  63.31434   9.14123  72.45557   0.00000   0.84525   0.01000   0.05717   1.05269   8.37938  10.21405
   84.20 936.00000 936.00000   0.00000 936.00000   1.00000   0.00000  73.61109  63.47097   9.14444  72.61541   0.00000   0.84490   0.01000   0.05701   1.05269   8.38374  10.21798
   84.40 936.00000 936.00000   0.00000 936.00000   1.00000   0.00000  73.77099  63.62752   9.14764  72.77517   0.00000   0.84456   0.01000   0.05686   1.05268   8.38809  10.22191
   84.60 936.00000 936.00000   0.00000 936.00000   1.00000   0.00000  73.93081  63.78401   9.15083  72.93484   0.00000   0.84422   0.01000   0.05670   1.05268   8.39243  10.22582
   84.80 936.00000 936.00000   0.00000 936.00000   1.00000   0.00000  74.09055  63.94042   9.15400  73.09442   0.00000   0.84388   0.01000   0.05655   1.05268   8.39676  10.22972
   85.00 936.00000 936.00000   0.00000 936.00000   1.00000   0.00000  74.25020  64.09677   9.15716  73.25393   0.00000   0.84354   0.01000   0.05640   1.05267   8.40108  10.23361
   85.20 936.00000 936.00000   0.00000 936.00000   1.00000   0.00000  74.40976  64.25304   9.16031  73.41334   0.00000   0.84320   0.01000   0.05625   1.05267   8.40538  10.23749
   85.40 936.00000 936.00000   0.00000 936.00000   1.00000   0.00000  74.56924  64.40923   9.16344  73.57267   0.00000   0.84286   0.01000   0.05610   1.05266   8.40968  10.24136
   85.60 936.00000 936.00000   0.00000 936.00000   1.00000   0.00000  74.72864  64.56536   9.16656  73.73192   0.00000   0.84252   0.01000   0.05594   1.05266   8.41396  10.24522
   85.80 936.00000 936.00000   0.00000 936.00000   1.00000   0.00000  74.88795  64.72141   9.16967  73.89108   0.00000   0.84218   0.01000   0.05579   1.05266   8.41824  10.24907
   86.00 936.00000 936.00000   0.00000 936.00000   1.00000   0.00000  75.04717  64.87740   9.17277  74.05016   0.00000   0.84184   0.01000   0.05565   1.05265   8.42250  10.25291
   86.20 936.00000 936.00000   0.00000 936.00000   1.00000   0.00000  75.20631  65.03331   9.17585  74.20916   0.00000   0.84150   0.01000   0.05550   1.05265   8.42675  10.25673
   86.40 936.00000 936.00000   0.00000 936.00000   1.00000   0.00000  75.36536  65.18914   9.17892  74.36806   0.00000   0.84116   0.01000   0.05535   1.05264   8.43099  10.26055
   86.60 936.00000 936.00000   0.00000 936.00000   1.00000   0.00000  75.52433  65.34491   9.18198  74.52689   0.00000   0.84082   0.01000   0.05520   1.05264   8.43522  10.26435
   86.80 936.00000 936.00000   0.00000 936.00000   1.00000   0.00000  75.68321  65.50060   9.18503  74.68563   0.00000   0.84048   0.01000   0.05505   1.05264   8.43944  10.26814
   87.00 936.00000 936.00000   0.00000 936.00000   1.00000   0.00000  75.84201  65.65623   9.18806  74.84429   0.00000   0.84014   0.01000   0.05491   1.05263   8.44365  10.27193
   87.20 936.00000 936.00000   0.00000 936.00000   1.00000   0.00000  76.00072  65.81177   9.19108  75.00286   0.00000   0.83980   0.01000   0.05476   1.05263   8.44784  10.27570
   87.40 936.00000 936.00000   0.00000 936.00000   1.00000   0.00000  76.15935  65.96725   9.19409  75.16134   0.00000   0.83946   0.01000   0.05462   1.05263   8.45203  10.27946
   87.60 936.00000 936.00000   0.00000 936.00000   1.00000   0.00000  76.31789  66.12266   9.19709  75.31975   0.00000   0.83913   0.01000   0.05447   1.05262   8.45621  10.28321
   87.80 936.00000 936.00000   0.00000 936.00000   1.00000   0.00000  76.47635  66.27799   9.20008  75.47807   0.00000   0.83879   0.01000   0.05433   1.05262   8.46037  10.28695
   88.00 936.00000 936.00000   0.00000 936.00000   1.00000   0.00000  76.63473  66.43325   9.20305  75.63630   0.00000   0.83845   0.01000   0.05419   1.05261   8.46453  10.29069
   88.20 936.00000 936.00000   0.00000 936.00000   1.00000   0.00000  76.79302  66.58844   9.20601  75.79445   0.00000   0.83811   0.01000   0.05405   1.05261   8.46867  10.29440
   88.40 936.00000 936.00000   0.00000 936.00000   1.00000   0.00000  76.95122  66.74355   9.20897  75.95252   0.00000   0.83777   0.01000   0.05390   1.05261   8.47281  10.29812
   88.60 936.00000 936.00000   0.00000 936.00000   1.00000   0.00000  77.10934  66.89860   9.21190  76.11050   0.00000   0.83744   0.01000   0.05376   1.05260   8.47693  10.30182
   88.80 936.00000 936.00000   0.00000 936.00000   1.00000   0.00000  77.26738  67.05357   9.21483  76.26840   0.00000   0.83710   0.01000   0.05362   1.05260   8.48105  10.30551
   89.00 936.00000 936.00000   0.00000 936.00000   1.00000   0.00000  77.42533  67.20847   9.21775  76.42622   0.00000   0.83676   0.01000   0.05348   1.05260   8.48515  10.30919
   89.20 936.00000 936.00000   0.00000 936.00000   1.00000   0.00000  77.58320  67.36329   9.22065  76.58395   0.00000   0.83642   0.01000   0.05334   1.05259   8.48925  10.31286
   89.40 936.00000 936.00000   0.00000 936.00000   1.00000   0.00000  77.74098  67.51805   9.22355  76.74159   0.00000   0.83609   0.01000   0.05320   1.05259   8.49333  10.31652
   89.60 936.00000 936.00000   0.00000 936.00000   1.00000   0.00000  77.89868  67.67273   9.22643  76.89916   0.00000   0.83575   0.01000   0.05307   1.05258   8.49740  10.32017
   89.80 936.00000 936.00000   0.00000 936.00000   1.00000   0.00000  78.05629  67.82734   9.22930  77.05664   0.00000   0.83541   0.01000   0.05293   1.05258   8.50147  10.32381
   90.00 936.00000 936.00000   0.00000 936.00000   1.00000   0.00000  78.21382  67.98188   9.23216  77.21404   0.00000   0.83508   0.01000   0.05279   1.05258   8.50552  10.32744
   90.20 936.00000 936.00000   0.00000 936.00000   1.00000   0.00000  78.37127  68.13634   9.23501  77.37135   0.00000   0.83474   0.01000   0.05265   1.05257   8.50956  10.33106
   90.40 936.00000 936.00000   0.00000 936.00000   1.00000   0.00000  78.52863  68.29073   9.23785  77.52858   0.00000   0.83441   0.01000   0.05252   1.05257   8.51360  10.33467
   90.60 936.00000 936.00000   0.00000 936.00000   1.00000   0.00000  78.68591  68.44505   9.24067  77.68573   0.00000   0.83407   0.01000   0.05238   1.05257   8.51762  10.33827
   90.80 936.00000 936.00000   0.00000 936.00000   1.00000   0.00000  78.84310  68.59930   9.24349  77.84279   0.00000   0.83373   0.01000   0.05225   1.05256   8.52164  10.34186
   91.00 936.00000 936.00000   0.00000 936.00000   1.00000   0.00000  79.00021  68.75347   9.24629  77.99977   0.00000   0.83340   0.01000   0.05211   1.05256   8.52564  10.34544
   91.20 936.00000 936.00000   0.00000 936.00000   1.00000   0.00000  79.15724  68.90758   9.24909  78.15666   0.00000   0.83306   0.01000   0.05198   1.05256   8.52964  10.34902
   91.40 936.00000 936.00000   0.00000 936.00000   1.00000   0.00000  79.31418  69.06161   9.25187  78.31348   0.00000   0.83273   0.01000   0.05185   1.05255   8.53362  10.35258
   91.60 936.00000 936.00000   0.00000 936.00000   1.00000   0.00000  79.47104  69.21556   9.25464  78.47021   0.00000   0.83239   0.01000   0.05171   1.05255   8.53760  10.35613
   91.80 936.00000 936.00000   0.00000 936.00000   1.00000   0.00000  79.62782  69.36945   9.25741  78.62686   0.00000   0.83206   0.01000   0.05158   1.05254   8.54156  10.35968
   92.00 936.00000 936.00000   0.00000 936.00000   1.00000   0.00000  79.78451  69.52326   9.26016  78.78342   0.00000   0.83173   0.01000   0.05145   1.05254   8.54552  10.36321
   92.20 936.00000 936.00000   0.00000 936.00000   1.00000   0.00000  79.94112  69.67700   9.26290  78.93990   0.00000   0.83139   0.01000   0.05132   1.05254   8.54946  10.36673
   92.40 936.00000 936.00000   0.00000 936.00000   1.00000   0.00000  80.09764  69.83067   9.26563  79.09630   0.00000   0.83106   0.01000   0.05119   1.05253   8.55340  10.37025
   92.60 936.00000 936.00000   0.00000 936.00000   1.00000   0.00000  80.25408  69.98426   9.26835  79.25261   0.00000   0.83072   0.01000   0.05106   1.05253   8.55733  10.37376
   92.80 936.00000 936.00000   0.00000 936.00000   1.00000   0.00000  80.41044  70.13778   9.27106  79.40884   0.00000   0.83039   0.01000   0.05093   1.05253   8.56125  10.37725
   93.00 936.00000 936.00000   0.00000 936.00000   1.00000   0.00000  80.56672  70.29123   9.27376  79.56499   0.00000   0.83006   0.01000   0.05080   1.05252   8.56516  10.38074
   93.20 936.00000 936.00000   0.00000 936.00000   1.00000   0.00000  80.72291  70.44461   9.27645  79.72106   0.00000   0.82972   0.01000   0.05067   1.05252   8.56906  10.38422
   93.40 936.00000 936.00000   0.00000 936.00000   1.00000   0.00000  80.87902  70.59792   9.27913  79.87704   0.00000   0.82939   0.01000   0.05054   1.05252   8.57295  10.38769
   93.60 936.00000 936.00000   0.00000 936.00000   1.00000   0.00000  81.03504  70.75115   9.28180  80.03295   0.00000   0.82906   0.01000   0.05042   1.05251   8.57683  10.39115
   93.80 936.00000 936.00000   0.00000 936.00000   1.00000   0.00000  81.19098  70.90431   9.28446  80.18876   0.00000   0.82872   0.01000   0.05029   1.05251   8.58070  10.39460
   94.00 936.00000 936.00000   0.00000 936.00000   1.00000   0.00000  81.34684  71.05739   9.28711  80.34450   0.00000   0.82839   0.01000   0.05016   1.05251   8.58456  10.39804
   94.20 936.00000 936.00000   0.00000 936.00000   1.00000   0.00000  81.50262  71.21041   9.28975  80.50015   0.00000   0.82806   0.01000   0.05004   1.05250   8.58842  10.40147
   94.40 936.00000 936.00000   0.00000 936.00000   1.00000   0.00000  81.65831  71.36335   9.29237  80.65572   0.00000   0.82772   0.01000   0.04991   1.05250   8.59226  10.40490
   94.60 936.00000 936.00000   0.00000 936.00000   1.00000   0.00000  81.81392  71.51622   9.29499  80.81121   0.00000   0.82739   0.01000   0.04979   1.05250   8.59610  10.40831
   94.80 936.00000 936.00000   0.00000 936.00000   1.00000   0.00000  81.96945  71.66902   9.29760  80.96662   0.00000   0.82706   0.01000   0.04966   1.05249   8.59993  10.41172
   95.00 936.00000 936.00000   0.00000 936.00000   1.00000   0.00000  82.12489  71.82174   9.30020  81.12194   0.00000   0.82673   0.01000   0.04954   1.05249   8.60374  10.41512
   95.20 936.00000 936.00000   0.00000 936.00000   1.00000   0.00000  82.28025  71.97439   9.30279  81.27719   0.00000   0.82640   0.01000   0.04942   1.05249   8.60755  10.41851
   95.40 936.00000 936.00000   0.00000 936.00000   1.00000   0.00000  82.43553  72.12697   9.30537  81.43235   0.00000   0.82607   0.01000   0.04929   1.05248   8.61135  10.42189
   95.60 936.00000 936.00000   0.00000 936.00000   1.00000   0.00000  82.59073  72.27948   9.30795  81.58742   0.00000   0.82573   0.01000   0.04917   1.05248   8.61514  10.42526
   95.80 936.00000 936.00000   0.00000 936.00000   1.00000   0.00000  82.74584  72.43191   9.31051  81.74242   0.00000   0.82540   0.01000   0.04905   1.05248   8.61893  10.42862
   96.00 936.00000 936.00000   0.00000 936.00000   1.00000   0.00000  82.90088  72.58427   9.31306  81.89733   0.00000   0.82507   0.01000   0.04893   1.05247   8.62270  10.43198
   96.20 936.00000 936.00000   0.00000 936.00000   1.00000   0.00000  83.05582  72.73656   9.31560  82.05216   0.00000   0.82474   0.01000   0.04881   1.05247   8.62647  10.43532
   96.40 936.00000 936.00000   0.00000 936.00000   1.00000   0.00000  83.21069  72.88878   9.31814  82.20691   0.00000   0.82441   0.01000   0.04869   1.05247   8.63022  10.43866
   96.60 936.00000 936.00000   0.00000 936.00000   1.00000   0.00000  83.36548  73.04092   9.32066  82.36158   0.00000   0.82408   0.01000   0.04857   1.05246   8.63397  10.44199
   96.80 936.00000 936.00000   0.00000 936.00000   1.00000   0.00000  83.52018  73.19299   9.32317  82.51616   0.00000   0.82375   0.01000   0.04845   1.05246   8.63771  10.44531
   97.00 936.00000 936.00000   0.00000 936.00000   1.00000   0.00000  83.67480  73.34499   9.32568  82.67067   0.00000   0.82342   0.01000   0.04833   1.05246   8.64144  10.44862
   97.20 936.00000 936.00000   0.00000 936.00000   1.00000   0.00000  83.82933  73.49691   9.32818  82.82509   0.00000   0.82309   0.01000   0.04821   1.05245   8.64516  10.45192
   97.40 936.00000 936.00000   0.00000 936.00000   1.00000   0.00000  83.98379  73.64877   9.33066  82.97943   0.00000   0.82276   0.01000   0.04809   1.05245   8.64887  10.45521
   97.60 936.00000 936.00000   0.00000 936.00000   1.00000   0.00000  84.13816  73.80055   9.33314  83.13369   0.00000   0.82243   0.01000   0.04797   1.05245   8.65258  10.45850
   97.80 936.00000 936.00000   0.00000 936.00000   1.00000   0.00000  84.29245  73.95225   9.33561  83.28787   0.00000   0.82210   0.01000   0.04786   1.05244   8.65628  10.46177
   98.00 936.00000 936.00000   0.00000 936.00000   1.00000   0.00000  84.44666  74.10389   9.33807  83.44196   0.00000   0.82177   0.01000   0.04774   1.05244   8.65996  10.46504
   98.20 936.00000 936.00000   0.00000 936.00000   1.00000   0.00000  84.60079  74.25545   9.34052  83.59598   0.00000   0.82144   0.01000   0.04762   1.05244   8.66364  10.46831
   98.40 936.00000 936.00000   0.00000 936.00000   1.00000   0.00000  84.75484  74.40694   9.34297  83.74991   0.00000   0.82111   0.01000   0.04751   1.05243   8.66731  10.47156
   98.60 936.00000 936.00000   0.00000 936.00000   1.00000   0.00000  84.90880  74.55836   9.34540  83.90376   0.00000   0.82078   0.01000   0.04739   1.05243   8.67098  10.47481
   98.80 936.00000 936.00000   0.00000 936.00000   1.00000   0.00000  85.06268  74.70971   9.34782  84.05753   0.00000   0.82046   0.01000   0.04728   1.05243   8.67463  10.47805
   99.00 936.00000 936.00000   0.00000 936.00000   1.00000   0.00000  85.21648  74.86098   9.35024  84.21122   0.00000   0.82013   0.01000   0.04716   1.05242   8.67828  10.48128
   99.20 936.00000 936.00000   0.00000 936.00000   1.00000   0.00000  85.37020  75.01218   9.35265  84.36483   0.00000   0.81980   0.01000   0.04705   1.05242   8.68192  10.48450
   99.40 936.00000 936.00000   0.00000 936.00000   1.00000   0.00000  85.52384  75.16331   9.35505  84.51835   0.00000   0.81947   0.01000   0.04693   1.05242   8.68555  10.48771
   99.60 936.00000 936.00000   0.00000 936.00000   1.00000   0.00000  85.67739  75.31436   9.35744  84.67180   0.00000   0.81914   0.01000   0.04682   1.05241   8.68917  10.49091
   99.80 936.00000 936.00000   0.00000 936.00000   1.00000   0.00000  85.83086  75.46534   9.35982  84.82516   0.00000   0.81882   0.01000   0.04671   1.05241   8.69278  10.49411
  100.00 936.00000 936.00000   0.00000 936.00000   1.00000   0.00000  85.98426  75.61625   9.36219  84.97845   0.00000   0.81849   0.01000   0.04660   1.05241   8.69639  10.49730
