 # time xi v(ivmax) Energy_max E(ivmax) ne(ivmax) ni(ivmax) ni(0) nhot(0) ncold(0) lDebye lgrade lgradi ivmax idebut(ivmax)
    0.00     0.00000 0.0000  0.00000.85776 0.3678793 1.00000071.0000001.0000000.000000   1.64872   1.16582   0.00000  5000  5000
    0.20     0.01716 0.1713  0.01470.85462 0.3651894 1.02306081.0000001.0000000.000000   1.65477   1.17010  -0.00000  4978  4978
    0.40     0.06849 0.3415  0.05830.84536 0.3573404 0.95816401.0000001.0000000.000000   1.67281   1.18286  -0.00000  4962  4962
    0.60     0.15365 0.5092  0.12960.83055 0.3449526 1.38599921.0000001.0000000.000000   1.70252   1.20386  -0.00000  4983  4983
    0.80     0.27203 0.6735  0.22680.81100 0.3289326 6.68791731.0000001.0000000.000000   1.74340   1.23277  -0.00000  4985  4984
    1.00     0.42284 0.8334  0.34730.78768 0.3103257 1.99424171.0000001.0000000.000000   1.79480   1.26911  -0.00000  4984  4983
    1.20     0.60517 0.9884  0.48850.76161 0.2901707 1.16190301.0000001.0000000.000000   1.85594   1.31235       NaN  4995  4983
    1.40     0.81795 1.1380  0.64750.73380 0.2693902 1.00218161.0000001.0000000.000000   1.92603   1.36191       NaN  4993  4993
    1.60     1.06009 1.2819  0.82170.70504 0.2487559 0.20439121.0000001.0000000.000000   2.00413   1.41713   0.00000  5000  4993
    1.80     1.33044 1.4200  1.00830.67610 0.2288053 0.13283221.0000001.0000000.000000   2.08945   1.47747   0.00000  5000  4993
    2.00     1.62782 1.5524  1.20500.64754 0.2099235 4.66467571.0000001.0000000.000000   2.18115   1.54231   0.00000  4922  4914
    2.20     1.95111 1.6791  1.40970.61972 0.1923307 0.95036121.0000001.0000000.000000   2.27844   1.61110   0.00000  4936  4914
    2.40     2.29918 1.8003  1.62060.59297 0.1761253 4.69329561.0000001.0000000.000000   2.38064   1.68337   0.00000  4958  4914
    2.60     2.67098 1.9164  1.83620.56744 0.1613294 0.54913001.0000001.0000000.000000   2.48707   1.75863   0.00000  4970  4914
    2.80     3.06547 2.0274  2.05520.54323 0.1478958 0.49658051.0000001.0000000.000000   2.59720   1.83650   0.00000  4935  4911
    3.00     3.48169 2.1337  2.27640.52041 0.1357433 1.37790091.0000001.0000000.000000   2.71056   1.91666   0.00000  4959  4911
    3.20     3.91873 2.2356  2.49900.49886 0.1248017 1.09141551.0000001.0000000.000000   2.82645   1.99860   0.00000  4992  4910
    3.40     4.37572 2.3333  2.72220.47867 0.1149366 6.27431621.0000001.0000000.000000   2.94479   2.08228   0.00000  4918  4874
    3.60     4.85186 2.4271  2.94550.45972 0.1060550 0.37724821.0000001.0000000.000000   3.06512   2.16736       NaN  4960  4877
    3.80     5.34639 2.5173  3.16830.44196 0.098053310.08502271.0000001.0000000.000000   3.18720   2.25369   0.00000  4965  4872
    4.00     5.85859 2.6040  3.39040.42533 0.0908406 0.99206411.0000001.0000000.000000   3.31076   2.34106  -0.00000  4974  4872
    4.20     6.38781 2.6875  3.61120.40973 0.0843301 0.40997171.0000001.0000000.000000   3.43559   2.42933   0.00000  4979  4872
    4.40     6.93342 2.7679  3.83070.39511 0.0784452 0.21254761.0000001.0000000.000000   3.56151   2.51837   0.00000  4983  4872
    4.60     7.49483 2.8455  4.04860.38137 0.0731121 0.30377161.0000001.0000000.000000   3.68847   2.60814   0.00000  4990  4877
    4.80     8.07150 2.9205  4.26470.36848 0.0682754 0.06146631.0000001.0000000.000000   3.81620   2.69846   0.00000  4992  4877
    5.00     8.66291 2.9930  4.47890.35635 0.0638773 0.18667211.0000001.0000000.000000   3.94468   2.78931   0.00000  4990  4873
    5.20     9.26857 3.0631  4.69120.34493 0.0598707 0.10508511.0000001.0000000.000000   4.07379   2.88060   0.00000  4990  4873
    5.40     9.88802 3.1310  4.90150.33417 0.0562155 0.08273851.0000001.0000000.000000   4.20337   2.97223   0.00000  4990  4873
    5.60    10.52085 3.1968  5.10970.32401 0.0528677 0.06816711.0000001.0000000.000000   4.33361   3.06432  -0.00000  4990  4873
    5.80    11.16662 3.2606  5.31580.31451 0.0497841 0.11777151.0000001.0000000.000000   4.46497   3.15721       NaN  4868  4939
    6.00    11.82498 3.3226  5.51980.30534 0.0469863 0.09417011.0000001.0000000.000000   4.59512   3.24924       NaN  4915  4815
    6.20    12.49556 3.3828  5.72160.29674 0.0443946 0.19817671.0000001.0000000.000000   4.72645   3.34210       NaN  4958  4815
    6.40    13.17801 3.4413  5.92130.28860 0.0420065 0.01184021.0000001.0000000.000000   4.85801   3.43513   0.00000  5000  4815
    6.60    13.87200 3.4982  6.11880.28086 0.0397998 0.01532031.0000001.0000000.000000   4.98991   3.52840   0.00000  5000  4815
    6.80    14.57722 3.5537  6.31430.27351 0.0377593 0.01094411.0000001.0000000.000000   5.12198   3.62179   0.00000  5000  4815
    7.00    15.29339 3.6077  6.50760.26652 0.0358673 0.00840001.0000001.0000000.000000   5.25432   3.71537   0.00000  5000  4815
    7.20    16.02022 3.6603  6.69880.25986 0.0341111 0.00676451.0000001.0000000.000000   5.38684   3.80907   0.00000  5000  4815
    7.40    16.75744 3.7116  6.88800.25352 0.0324780 0.00563751.0000001.0000000.000000   5.51953   3.90290   0.00000  5000  4815
    7.60    17.50480 3.7617  7.07520.24746 0.0309572 0.00481901.0000001.0000000.000000   5.65238   3.99683   0.00000  5000  4815
    7.80    18.26206 3.8106  7.26040.24168 0.0295386 0.00420101.0000001.0000000.000000   5.78537   4.09087   0.00000  5000  4815
    8.00    19.02899 3.8584  7.44360.23615 0.0282136 0.00371971.0000001.0000000.000000   5.91849   4.18501   0.00000  5000  4815
    8.20    19.80536 3.9051  7.62480.23086 0.0269739 0.00333591.0000001.0000000.000000   6.05178   4.27925   0.00000  5000  4815
    8.40    20.59097 3.9507  7.80420.22579 0.0258141 0.00302331.0000001.0000000.000000   6.18501   4.37347   0.00000  5000  4815
    8.60    21.38561 3.9954  7.98170.22094 0.0247249 0.00276431.0000001.0000000.000000   6.31852   4.46787   0.00000  5000  4815
    8.80    22.18908 4.0391  8.15730.21628 0.0237027 0.00254661.0000001.0000000.000000   6.45204   4.56228   0.00000  5000  4815
    9.00    23.00121 4.0819  8.33110.21180 0.0227417 0.00236121.0000001.0000000.000000   6.58565   4.65675   0.00000  5000  4815
    9.20    23.82181 4.1239  8.50310.20751 0.0218371 0.00220171.0000001.0000000.000000   6.71931   4.75127   0.00000  5000  4815
    9.40    24.65071 4.1649  8.67340.20338 0.0209847 0.00206311.0000001.0000000.000000   6.85305   4.84584   0.00000  5000  4815
    9.60    25.48775 4.2052  8.84190.19940 0.0201805 0.00194181.0000001.0000000.000000   6.98686   4.94046   0.00000  5000  4815
    9.80    26.33276 4.2447  9.00880.19557 0.0194212 0.00183481.0000001.0000000.000000   7.12071   5.03510   0.00000  5000  4815
   10.00    27.18559 4.2835  9.17400.19189 0.0187032 0.00173981.0000001.0000000.000000   7.25462   5.12979   0.00000  5000  4815
   10.20    28.04610 4.3215  9.33760.18833 0.0180242 0.00165491.0000001.0000000.000000   7.38853   5.22448   0.00000  5000  4815
   10.40    28.91415 4.3588  9.49950.18490 0.0173804 0.00157851.0000001.0000000.000000   7.52260   5.31928   0.00000  5000  4815
   10.60    29.78959 4.3954  9.65990.18159 0.0167708 0.00150961.0000001.0000000.000000   7.65654   5.41399   0.00000  5000  4815
   10.80    30.67229 4.4314  9.81880.17840 0.0161921 0.00144711.0000001.0000000.000000   7.79059   5.50878   0.00000  5000  4815
   11.00    31.56213 4.4668  9.97620.17531 0.0156426 0.00139021.0000001.0000000.000000   7.92462   5.60356   0.00000  5000  4815
   11.20    32.45898 4.5016 10.13200.17232 0.0151201 0.00133821.0000001.0000000.000000   8.05875   5.69839   0.00000  5000  4815
   11.40    33.36272 4.5357 10.28640.16942 0.0146216 0.00129051.0000001.0000000.000000   8.19330   5.79354   0.00000  5000  4815
   11.60    34.27324 4.5693 10.43940.16663 0.0141501 0.00124671.0000001.0000000.000000   8.32698   5.88806   0.00000  5000  4815
   11.80    35.19043 4.6024 10.59100.16393 0.0136995 0.00120621.0000001.0000000.000000   8.46111   5.98291   0.00000  5000  4815
   12.00    36.11417 4.6349 10.74120.16130 0.0132699 0.00116871.0000001.0000000.000000   8.59521   6.07773   0.00000  5000  4815
   12.20    37.04437 4.6669 10.89010.15876 0.0128597 0.00113401.0000001.0000000.000000   8.72943   6.17264   0.00000  5000  4815
   12.40    37.98092 4.6984 11.03760.15629 0.0124682 0.00110161.0000001.0000000.000000   8.86363   6.26753   0.00000  5000  4815
   12.60    38.92371 4.7294 11.18380.15390 0.0120942 0.00107151.0000001.0000000.000000   8.99779   6.36240   0.00000  5000  4815
   12.80    39.87267 4.7600 11.32870.15157 0.0117365 0.00104341.0000001.0000000.000000   9.13200   6.45730   0.00000  5000  4815
   13.00    40.82768 4.7901 11.47240.14932 0.0113945 0.00101711.0000001.0000000.000000   9.26613   6.55215   0.00000  5000  4815
   13.20    41.78867 4.8197 11.61480.14713 0.0110671 0.00099241.0000001.0000000.000000   9.40024   6.64698   0.00000  5000  4815
   13.40    42.75554 4.8489 11.75600.14499 0.0107532 0.00096931.0000001.0000000.000000   9.53452   6.74192   0.00000  5000  4815
   13.60    43.72822 4.8777 11.89600.14292 0.0104526 0.00094751.0000001.0000000.000000   9.66867   6.83678   0.00000  5000  4815
   13.80    44.70661 4.9061 12.03490.14091 0.0101641 0.00092691.0000001.0000000.000000   9.80290   6.93170   0.00000  5000  4815
   14.00    45.69064 4.9341 12.17260.13893 0.0098852 0.00090761.0000001.0000000.000000   9.93816   7.02734   0.00000  5000  4815
   14.20    46.68022 4.9617 12.30910.13704 0.0096219 0.00088931.0000001.0000000.000000  10.07118   7.12140   0.00000  5000  4815
   14.40    47.67529 4.9889 12.44450.13518 0.0093666 0.00087201.0000001.0000000.000000  10.20537   7.21629   0.00000  5000  4815
   14.60    48.67576 5.0157 12.57890.13338 0.0091215 0.00085561.0000001.0000000.000000  10.33946   7.31110   0.00000  5000  4815
   14.80    49.68157 5.0422 12.71210.13161 0.0088857 0.00084011.0000001.0000000.000000  10.47359   7.40594   0.00000  5000  4815
   15.00    50.69264 5.0684 12.84430.12990 0.0086589 0.00082531.0000001.0000000.000000  10.60770   7.50078   0.00000  5000  4815
   15.20    51.70891 5.0942 12.97550.12822 0.0084405 0.00081131.0000001.0000000.000000  10.74183   7.59562   0.00000  5000  4815
   15.40    52.73031 5.1197 13.10560.12659 0.0082303 0.00079801.0000001.0000000.000000  10.87588   7.69040   0.00000  5000  4815
   15.60    53.75677 5.1448 13.23470.12500 0.0080277 0.00078531.0000001.0000000.000000  11.00997   7.78522   0.00000  5000  4815
   15.80    54.78823 5.1697 13.36280.12344 0.0078325 0.00077321.0000001.0000000.000000  11.14402   7.88001   0.00000  5000  4815
   16.00    55.82463 5.1942 13.49000.12192 0.0076443 0.00076161.0000001.0000000.000000  11.27805   7.97478   0.00000  5000  4815
   16.20    56.86590 5.2185 13.61620.12044 0.0074629 0.00075061.0000001.0000000.000000  11.41193   8.06945   0.00000  5000  4815
   16.40    57.91200 5.2424 13.74140.11899 0.0072875 0.00074011.0000001.0000000.000000  11.54610   8.16432   0.00000  5000  4815
   16.60    58.96285 5.2661 13.86570.11758 0.0071183 0.00073001.0000001.0000000.000000  11.68007   8.25905   0.00000  5000  4815
   16.80    60.01841 5.2894 13.98910.11620 0.0069549 0.00072041.0000001.0000000.000000  11.81406   8.35380   0.00000  5000  4815
   17.00    61.07861 5.3125 14.11150.11485 0.0067970 0.00071111.0000001.0000000.000000  11.94799   8.44850   0.00000  5000  4815
   17.20    62.14341 5.3354 14.23310.11353 0.0066444 0.00070231.0000001.0000000.000000  12.08193   8.54321   0.00000  5000  4815
   17.40    63.21275 5.3580 14.35380.11224 0.0064968 0.00069381.0000001.0000000.000000  12.21582   8.63789   0.00000  5000  4815
   17.60    64.28658 5.3803 14.47370.11097 0.0063541 0.00068571.0000001.0000000.000000  12.34970   8.73256   0.00000  5000  4815
   17.80    65.36484 5.4023 14.59270.10974 0.0062160 0.00067791.0000001.0000000.000000  12.48356   8.82721   0.00000  5000  4815
   18.00    66.44750 5.4242 14.71080.10853 0.0060823 0.00067041.0000001.0000000.000000  12.61737   8.92182   0.00000  5000  4815
   18.20    67.53450 5.4458 14.82810.10735 0.0059528 0.00066321.0000001.0000000.000000  12.75121   9.01646   0.00000  5000  4815
   18.40    68.62579 5.4671 14.94460.10619 0.0058275 0.00065631.0000001.0000000.000000  12.88497   9.11105   0.00000  5000  4815
   18.60    69.72133 5.4882 15.06040.10505 0.0057059 0.00064961.0000001.0000000.000000  13.01874   9.20563   0.00000  5000  4815
   18.80    70.82108 5.5091 15.17530.10394 0.0055882 0.00064321.0000001.0000000.000000  13.15249   9.30021   0.00000  5000  4815
   19.00    71.92498 5.5298 15.28940.10285 0.0054739 0.00063701.0000001.0000000.000000  13.28624   9.39479   0.00000  5000  4815
   19.20    73.03299 5.5503 15.40280.10179 0.0053632 0.00063111.0000001.0000000.000000  13.41989   9.48929   0.00000  5000  4815
   19.40    74.14507 5.5705 15.51540.10074 0.0052558 0.00062531.0000001.0000000.000000  13.55353   9.58379   0.00000  5000  4815
   19.60    75.26119 5.5906 15.62730.09972 0.0051515 0.00061981.0000001.0000000.000000  13.68717   9.67829   0.00000  5000  4815
   19.80    76.38129 5.6104 15.73840.09871 0.0050503 0.00061441.0000001.0000000.000000  13.82078   9.77277   0.00000  5000  4815
   20.00    77.50535 5.6301 15.84880.09773 0.0049520 0.00060921.0000001.0000000.000000  13.95433   9.86720   0.00000  5000  4815
   20.20    78.63331 5.6495 15.95850.09676 0.0048566 0.00060421.0000001.0000000.000000  14.08788   9.96164   0.00000  5000  4815
   20.40    79.76514 5.6688 16.06740.09581 0.0047638 0.00059941.0000001.0000000.000000  14.22140  10.05605   0.00000  5000  4815
   20.60    80.90080 5.6878 16.17570.09488 0.0046737 0.00059471.0000001.0000000.000000  14.35490  10.15045   0.00000  5000  4815
   20.80    82.04026 5.7067 16.28330.09397 0.0045861 0.00059021.0000001.0000000.000000  14.48836  10.24481   0.00000  5000  4815
   21.00    83.18348 5.7254 16.39020.09307 0.0045009 0.00058591.0000001.0000000.000000  14.62181  10.33918   0.00000  5000  4815
   21.20    84.33042 5.7439 16.49640.09219 0.0044180 0.00058171.0000001.0000000.000000  14.75519  10.43350   0.00000  5000  4815
   21.40    85.48105 5.7623 16.60200.09133 0.0043374 0.00057761.0000001.0000000.000000  14.88858  10.52781   0.00000  5000  4815
   21.60    86.63533 5.7805 16.70700.09048 0.0042590 0.00057361.0000001.0000000.000000  15.02191  10.62209   0.00000  5000  4815
   21.80    87.79323 5.7985 16.81120.08965 0.0041826 0.00056981.0000001.0000000.000000  15.15521  10.71635   0.00000  5000  4815
   22.00    88.95472 5.8163 16.91490.08883 0.0041083 0.00056611.0000001.0000000.000000  15.28851  10.81061   0.00000  5000  4815
   22.20    90.11976 5.8340 17.01790.08802 0.0040360 0.00056251.0000001.0000000.000000  15.42170  10.90479   0.00000  5000  4815
   22.40    91.28832 5.8515 17.12030.08723 0.0039655 0.00055901.0000001.0000000.000000  15.55496  10.99902   0.00000  5000  4815
   22.60    92.46037 5.8689 17.22210.08646 0.0038968 0.00055571.0000001.0000000.000000  15.68815  11.09320   0.00000  5000  4815
   22.80    93.63587 5.8861 17.32320.08569 0.0038299 0.00055241.0000001.0000000.000000  15.82130  11.18735   0.00000  5000  4815
   23.00    94.81481 5.9032 17.42380.08494 0.0037647 0.00054921.0000001.0000000.000000  15.95439  11.28146   0.00000  5000  4815
   23.20    95.99714 5.9201 17.52380.08420 0.0037011 0.00054621.0000001.0000000.000000  16.08751  11.37558   0.00000  5000  4815
   23.40    97.18284 5.9369 17.62320.08348 0.0036391 0.00054321.0000001.0000000.000000  16.22058  11.46968   0.00000  5000  4815
   23.60    98.37188 5.9535 17.72210.08277 0.0035787 0.00054031.0000001.0000000.000000  16.35358  11.56373   0.00000  5000  4815
   23.80    99.56424 5.9700 17.82030.08206 0.0035195 0.00053751.0000001.0000000.000000  16.48698  11.65805   0.00000  5000  4815
   24.00   100.75987 5.9863 17.91800.08137 0.0034622 0.00053481.0000001.0000000.000000  16.61953  11.75178   0.00000  5000  4815
   24.20   101.95876 6.0025 18.01520.08069 0.0034060 0.00053211.0000001.0000000.000000  16.75245  11.84577   0.00000  5000  4815
   24.40   103.16087 6.0186 18.11180.08003 0.0033512 0.00052961.0000001.0000000.000000  16.88539  11.93977   0.00000  5000  4815
   24.60   104.36619 6.0345 18.20780.07937 0.0032977 0.00052711.0000001.0000000.000000  17.01823  12.03371   0.00000  5000  4815
   24.80   105.57468 6.0503 18.30340.07872 0.0032455 0.00052461.0000001.0000000.000000  17.15102  12.12760   0.00000  5000  4815
   25.00   106.78632 6.0660 18.39840.07808 0.0031945 0.00052231.0000001.0000000.000000  17.28384  12.22152   0.00000  5000  4815
   25.20   108.00109 6.0816 18.49280.07746 0.0031447 0.00052001.0000001.0000000.000000  17.41655  12.31536   0.00000  5000  4815
   25.40   109.21895 6.0970 18.58680.07684 0.0030960 0.00051781.0000001.0000000.000000  17.54929  12.40922   0.00000  5000  4815
   25.60   110.43989 6.1123 18.68020.07623 0.0030484 0.00051561.0000001.0000000.000000  17.68198  12.50304   0.00000  5000  4815
   25.80   111.66387 6.1275 18.77310.07563 0.0030019 0.00051351.0000001.0000000.000000  17.81465  12.59686   0.00000  5000  4815
   26.00   112.89088 6.1426 18.86560.07504 0.0029565 0.00051141.0000001.0000000.000000  17.94726  12.69063   0.00000  5000  4815
   26.20   114.12089 6.1575 18.95750.07446 0.0029121 0.00050951.0000001.0000000.000000  18.07980  12.78435   0.00000  5000  4815
   26.40   115.35388 6.1724 19.04900.07389 0.0028687 0.00050751.0000001.0000000.000000  18.21232  12.87805   0.00000  5000  4815
   26.60   116.58983 6.1871 19.13990.07332 0.0028262 0.00050561.0000001.0000000.000000  18.34488  12.97179   0.00000  5000  4815
   26.80   117.82871 6.2017 19.23040.07277 0.0027847 0.00050381.0000001.0000000.000000  18.47735  13.06546   0.00000  5000  4815
   27.00   119.07050 6.2162 19.32050.07222 0.0027440 0.00050201.0000001.0000000.000000  18.60978  13.15910   0.00000  5000  4815
   27.20   120.31518 6.2306 19.41000.07168 0.0027043 0.00050031.0000001.0000000.000000  18.74214  13.25269   0.00000  5000  4815
   27.40   121.56272 6.2449 19.49910.07115 0.0026654 0.00049861.0000001.0000000.000000  18.87455  13.34632   0.00000  5000  4815
   27.60   122.81311 6.2590 19.58770.07062 0.0026273 0.00049691.0000001.0000000.000000  19.00688  13.43990   0.00000  5000  4815
   27.80   124.06633 6.2731 19.67590.07010 0.0025900 0.00049531.0000001.0000000.000000  19.13918  13.53344   0.00000  5000  4815
   28.00   125.32235 6.2871 19.76360.06959 0.0025535 0.00049381.0000001.0000000.000000  19.27142  13.62695   0.00000  5000  4815
   28.20   126.58115 6.3009 19.85090.06909 0.0025178 0.00049221.0000001.0000000.000000  19.40366  13.72046   0.00000  5000  4815
   28.40   127.84272 6.3147 19.93780.06859 0.0024828 0.00049081.0000001.0000000.000000  19.53584  13.81392   0.00000  5000  4815
   28.60   129.10703 6.3284 20.02420.06811 0.0024485 0.00048931.0000001.0000000.000000  19.66798  13.90736   0.00000  5000  4815
   28.80   130.37406 6.3420 20.11020.06762 0.0024150 0.00048791.0000001.0000000.000000  19.80009  14.00078   0.00000  5000  4815
   29.00   131.64380 6.3554 20.19570.06715 0.0023821 0.00048651.0000001.0000000.000000  19.93218  14.09418   0.00000  5000  4815
   29.20   132.91623 6.3688 20.28090.06668 0.0023498 0.00048521.0000001.0000000.000000  20.06421  14.18754   0.00000  5000  4815
   29.40   134.19132 6.3821 20.36560.06621 0.0023183 0.00048391.0000001.0000000.000000  20.19620  14.28087   0.00000  5000  4815
   29.60   135.46907 6.3953 20.44990.06576 0.0022873 0.00048261.0000001.0000000.000000  20.32818  14.37419   0.00000  5000  4815
   29.80   136.74944 6.4084 20.53380.06530 0.0022570 0.00048141.0000001.0000000.000000  20.46009  14.46747   0.00000  5000  4815
   30.00   138.03242 6.4214 20.61730.06486 0.0022272 0.00048021.0000001.0000000.000000  20.59200  14.56074   0.00000  5000  4815
   30.20   139.31800 6.4343 20.70040.06442 0.0021980 0.00047901.0000001.0000000.000000  20.72386  14.65398   0.00000  5000  4815
   30.40   140.60616 6.4472 20.78310.06399 0.0021694 0.00047781.0000001.0000000.000000  20.85570  14.74721   0.00000  5000  4815
   30.60   141.89687 6.4599 20.86540.06356 0.0021414 0.00047671.0000001.0000000.000000  20.98745  14.84037   0.00000  5000  4815
   30.80   143.19013 6.4726 20.94730.06314 0.0021139 0.00047561.0000001.0000000.000000  21.11921  14.93353   0.00000  5000  4815
   31.00   144.48591 6.4852 21.02890.06272 0.0020869 0.00047451.0000001.0000000.000000  21.25088  15.02664   0.00000  5000  4815
   31.20   145.78420 6.4977 21.11000.06231 0.0020604 0.00047351.0000001.0000000.000000  21.38258  15.11976   0.00000  5000  4815
   31.40   147.08498 6.5101 21.19080.06190 0.0020344 0.00047251.0000001.0000000.000000  21.51414  15.21279   0.00000  5000  4815
   31.60   148.38824 6.5225 21.27120.06150 0.0020089 0.00047151.0000001.0000000.000000  21.64572  15.30583   0.00000  5000  4815
   31.80   149.69396 6.5347 21.35130.06110 0.0019839 0.00047051.0000001.0000000.000000  21.77734  15.39890   0.00000  5000  4815
   32.00   151.00213 6.5469 21.43090.06071 0.0019594 0.00046951.0000001.0000000.000000  21.90881  15.49186   0.00000  5000  4815
   32.20   152.31272 6.5590 21.51020.06032 0.0019352 0.00046861.0000001.0000000.000000  22.04024  15.58480   0.00000  5000  4815
   32.40   153.62572 6.5710 21.58920.05994 0.0019116 0.00046771.0000001.0000000.000000  22.17172  15.67778   0.00000  5000  4815
   32.60   154.94112 6.5830 21.66780.05956 0.0018883 0.00046681.0000001.0000000.000000  22.30327  15.77079   0.00000  5000  4815
   32.80   156.25891 6.5948 21.74600.05919 0.0018655 0.00046591.0000001.0000000.000000  22.43459  15.86365   0.00000  5000  4815
   33.00   157.57906 6.6066 21.82390.05882 0.0018431 0.00046511.0000001.0000000.000000  22.56573  15.95638   0.00000  5000  4815
   33.20   158.90156 6.6184 21.90150.05845 0.0018210 0.00046421.0000001.0000000.000000  22.69751  16.04956   0.00000  5000  4815
   33.40   160.22641 6.6300 21.97870.05809 0.0017994 0.00046341.0000001.0000000.000000  22.82838  16.14210   0.00000  5000  4815
   33.60   161.55357 6.6416 22.05550.05774 0.0017782 0.00046261.0000001.0000000.000000  22.95935  16.23471   0.00000  5000  4815
   33.80   162.88305 6.6531 22.13200.05739 0.0017573 0.00046181.0000001.0000000.000000  23.09074  16.32762   0.00000  5000  4815
   34.00   164.21482 6.6646 22.20820.05704 0.0017368 0.00046111.0000001.0000000.000000  23.22174  16.42025   0.00000  5000  4815
   34.20   165.54887 6.6759 22.28410.05669 0.0017166 0.00046031.0000001.0000000.000000  23.35288  16.51298   0.00000  5000  4815
   34.40   166.88519 6.6872 22.35960.05635 0.0016968 0.00045961.0000001.0000000.000000  23.48397  16.60568   0.00000  5000  4815
   34.60   168.22377 6.6985 22.43480.05602 0.0016774 0.00045881.0000001.0000000.000000  23.61499  16.69831   0.00000  5000  4815
   34.80   169.56458 6.7097 22.50970.05569 0.0016582 0.00045811.0000001.0000000.000000  23.74591  16.79089   0.00000  5000  4815
   35.00   170.90763 6.7208 22.58430.05536 0.0016394 0.00045741.0000001.0000000.000000  23.87695  16.88355   0.00001  5000  4815
   35.20   172.25288 6.7318 22.65850.05503 0.0016209 0.00045681.0000001.0000000.000000  24.00767  16.97599   0.00001  5000  4815
   35.40   173.60034 6.7428 22.73250.05471 0.0016027 0.00045611.0000001.0000000.000000  24.13860  17.06857   0.00001  5000  4815
   35.60   174.94999 6.7537 22.80610.05439 0.0015848 0.00045541.0000001.0000000.000000  24.26942  17.16107   0.00001  5000  4815
   35.80   176.30181 6.7645 22.87940.05408 0.0015672 0.00045481.0000001.0000000.000000  24.40019  17.25354   0.00001  5000  4815
   36.00   177.65580 6.7753 22.95240.05377 0.0015499 0.00045421.0000001.0000000.000000  24.53089  17.34596   0.00001  5000  4815
   36.20   179.01193 6.7860 23.02520.05346 0.0015329 0.00045361.0000001.0000000.000000  24.66163  17.43840   0.00001  5000  4815
   36.40   180.37021 6.7967 23.09760.05316 0.0015162 0.00045301.0000001.0000000.000000  24.79223  17.53075   0.00001  5000  4815
   36.60   181.73061 6.8073 23.16970.05286 0.0014997 0.00045241.0000001.0000000.000000  24.92288  17.62313   0.00001  5000  4815
   36.80   183.09313 6.8178 23.24150.05256 0.0014835 0.00045181.0000001.0000000.000000  25.05345  17.71546   0.00001  5000  4815
   37.00   184.45774 6.8283 23.31300.05227 0.0014675 0.00045121.0000001.0000000.000000  25.18400  17.80778   0.00001  5000  4815
   37.20   185.82445 6.8387 23.38420.05198 0.0014518 0.00045071.0000001.0000000.000000  25.31451  17.90006   0.00001  5000  4815
   37.40   187.19324 6.8491 23.45520.05169 0.0014364 0.00045011.0000001.0000000.000000  25.44492  17.99227   0.00001  5000  4815
   37.60   188.56410 6.8594 23.52590.05140 0.0014212 0.00044961.0000001.0000000.000000  25.57537  18.08451   0.00001  5000  4815
   37.80   189.93701 6.8697 23.59620.05112 0.0014062 0.00044901.0000001.0000000.000000  25.70573  18.17669   0.00001  5000  4815
   38.00   191.31196 6.8799 23.66630.05084 0.0013915 0.00044851.0000001.0000000.000000  25.83610  18.26888   0.00001  5000  4815
   38.20   192.68895 6.8900 23.73610.05057 0.0013770 0.00044801.0000001.0000000.000000  25.96639  18.36101   0.00001  5000  4815
   38.40   194.06797 6.9001 23.80570.05029 0.0013627 0.00044751.0000001.0000000.000000  26.09665  18.45311   0.00001  5000  4815
   38.60   195.44899 6.9101 23.87500.05002 0.0013486 0.00044701.0000001.0000000.000000  26.22692  18.54523   0.00001  5000  4815
   38.80   196.83202 6.9201 23.94400.04975 0.0013348 0.00044651.0000001.0000000.000000  26.35705  18.63725   0.00001  5000  4815
   39.00   198.21703 6.9300 24.01270.04949 0.0013212 0.00044601.0000001.0000000.000000  26.48720  18.72928   0.00001  5000  4815
   39.20   199.60403 6.9399 24.08110.04923 0.0013077 0.00044551.0000001.0000000.000000  26.61726  18.82124   0.00001  5000  4815
   39.40   200.99299 6.9497 24.14930.04897 0.0012945 0.00044511.0000001.0000000.000000  26.74735  18.91323   0.00001  5000  4815
   39.60   202.38391 6.9595 24.21730.04871 0.0012815 0.00044461.0000001.0000000.000000  26.87737  19.00517   0.00001  5000  4815
   39.80   203.77679 6.9692 24.28490.04846 0.0012687 0.00044411.0000001.0000000.000000  27.00734  19.09707   0.00001  5000  4815
   40.00   205.17160 6.9789 24.35230.04820 0.0012560 0.00044371.0000001.0000000.000000  27.13726  19.18894   0.00001  5000  4815
   40.20   206.56833 6.9885 24.41950.04795 0.0012436 0.00044321.0000001.0000000.000000  27.26730  19.28089   0.00001  5000  4815
   40.40   207.96699 6.9981 24.48640.04771 0.0012313 0.00044281.0000001.0000000.000000  27.39706  19.37264   0.00001  5000  4815
   40.60   209.36755 7.0076 24.55300.04746 0.0012192 0.00044231.0000001.0000000.000000  27.52686  19.46443   0.00001  5000  4815
   40.80   210.77002 7.0170 24.61940.04722 0.0012073 0.00044191.0000001.0000000.000000  27.65667  19.55621   0.00001  5000  4815
   41.00   212.17437 7.0265 24.68560.04698 0.0011955 0.00044151.0000001.0000000.000000  27.78636  19.64792   0.00001  5000  4815
   41.20   213.58060 7.0358 24.75150.04674 0.0011840 0.00044111.0000001.0000000.000000  27.91607  19.73964   0.00001  5000  4815
   41.40   214.98870 7.0452 24.81710.04651 0.0011726 0.00044061.0000001.0000000.000000  28.04575  19.83134   0.00001  5000  4815
   41.60   216.39866 7.0544 24.88250.04627 0.0011613 0.00044021.0000001.0000000.000000  28.17535  19.92298   0.00001  5000  4815
   41.80   217.81047 7.0637 24.94770.04604 0.0011502 0.00043981.0000001.0000000.000000  28.30492  20.01460   0.00001  5000  4815
   42.00   219.22412 7.0729 25.01260.04581 0.0011393 0.00043941.0000001.0000000.000000  28.43415  20.10598   0.00001  5000  4815
   42.20   220.63961 7.0820 25.07730.04559 0.0011285 0.00043901.0000001.0000000.000000  28.56397  20.19777   0.00001  5000  4815
   42.40   222.05692 7.0911 25.14180.04536 0.0011179 0.00043861.0000001.0000000.000000  28.69342  20.28931   0.00001  5000  4815
   42.60   223.47604 7.1001 25.20600.04514 0.0011074 0.00043821.0000001.0000000.000000  28.82284  20.38083   0.00001  5000  4815
   42.80   224.89697 7.1091 25.27000.04492 0.0010971 0.00043781.0000001.0000000.000000  28.95221  20.47230   0.00001  5000  4815
   43.00   226.31970 7.1181 25.33370.04470 0.0010869 0.00043741.0000001.0000000.000000  29.08153  20.56374   0.00001  5000  4815
   43.20   227.74421 7.1270 25.39720.04449 0.0010769 0.00043701.0000001.0000000.000000  29.21084  20.65518   0.00001  5000  4815
   43.40   229.17050 7.1359 25.46050.04427 0.0010670 0.00043661.0000001.0000000.000000  29.34009  20.74657   0.00001  5000  4815
   43.60   230.59857 7.1447 25.52360.04406 0.0010572 0.00043621.0000001.0000000.000000  29.46934  20.83797   0.00001  5000  4815
   43.80   232.02840 7.1535 25.58650.04385 0.0010475 0.00043581.0000001.0000000.000000  29.59847  20.92928   0.00001  5000  4815
   44.00   233.45998 7.1623 25.64910.04364 0.0010380 0.00043541.0000001.0000000.000000  29.72760  21.02059   0.00001  5000  4815
   44.20   234.89330 7.1710 25.71150.04343 0.0010286 0.00043501.0000001.0000000.000000  29.85669  21.11187   0.00001  5000  4815
   44.40   236.32837 7.1796 25.77370.04323 0.0010194 0.00043461.0000001.0000000.000000  29.98579  21.20315   0.00001  5000  4815
   44.60   237.76516 7.1883 25.83560.04302 0.0010102 0.00043421.0000001.0000000.000000  30.11518  21.29465   0.00001  5000  4815
   44.80   239.20367 7.1969 25.89740.04282 0.0010012 0.00043391.0000001.0000000.000000  30.24374  21.38555   0.00001  5000  4815
   45.00   240.64390 7.2054 25.95890.04262 0.0009924 0.00043351.0000001.0000000.000000  30.37266  21.47671   0.00001  5000  4815
   45.20   242.08583 7.2139 26.02020.04243 0.0009836 0.00043311.0000001.0000000.000000  30.50155  21.56785   0.00001  5000  4815
   45.40   243.52946 7.2224 26.08130.04223 0.0009749 0.00043271.0000001.0000000.000000  30.63037  21.65894   0.00001  5000  4815
   45.60   244.97478 7.2308 26.14220.04204 0.0009664 0.00043231.0000001.0000000.000000  30.75921  21.75005   0.00001  5000  4815
   45.80   246.42178 7.2392 26.20290.04184 0.0009579 0.00043191.0000001.0000000.000000  30.88797  21.84109   0.00001  5000  4815
   46.00   247.87045 7.2475 26.26340.04165 0.0009496 0.00043161.0000001.0000000.000000  31.01668  21.93211   0.00001  5000  4815
   46.20   249.32079 7.2558 26.32370.04146 0.0009414 0.00043121.0000001.0000000.000000  31.14537  22.02310   0.00001  5000  4815
   46.40   250.77279 7.2641 26.38370.04128 0.0009333 0.00043081.0000001.0000000.000000  31.27399  22.11405   0.00001  5000  4815
   46.60   252.22644 7.2724 26.44360.04109 0.0009253 0.00043041.0000001.0000000.000000  31.40269  22.20505   0.00001  5000  4815
   46.80   253.68173 7.2806 26.50330.04091 0.0009173 0.00043001.0000001.0000000.000000  31.53119  22.29592   0.00001  5000  4815
   47.00   255.13866 7.2887 26.56270.04072 0.0009095 0.00042961.0000001.0000000.000000  31.65973  22.38681   0.00001  5000  4815
   47.20   256.59722 7.2968 26.62200.04054 0.0009018 0.00042921.0000001.0000000.000000  31.78818  22.47764   0.00001  5000  4815
   47.40   258.05740 7.3049 26.68110.04036 0.0008942 0.00042881.0000001.0000000.000000  31.91664  22.56847   0.00001  5000  4815
   47.60   259.51919 7.3130 26.73990.04018 0.0008867 0.00042851.0000001.0000000.000000  32.04500  22.65924   0.00001  5000  4815
   47.80   260.98260 7.3210 26.79860.04001 0.0008793 0.00042811.0000001.0000000.000000  32.17337  22.75001   0.00001  5000  4815
   48.00   262.44760 7.3290 26.85710.03983 0.0008719 0.00042771.0000001.0000000.000000  32.30168  22.84074   0.00001  5000  4815
   48.20   263.91419 7.3369 26.91540.03966 0.0008647 0.00042731.0000001.0000000.000000  32.42981  22.93133   0.00001  5000  4815
   48.40   265.38237 7.3449 26.97350.03949 0.0008575 0.00042691.0000001.0000000.000000  32.55818  23.02211   0.00001  5000  4815
   48.60   266.85213 7.3527 27.03140.03931 0.0008505 0.00042651.0000001.0000000.000000  32.68640  23.11277   0.00001  5000  4815
   48.80   268.32347 7.3606 27.08910.03914 0.0008435 0.00042611.0000001.0000000.000000  32.81455  23.20339   0.00001  5000  4815
   49.00   269.79637 7.3684 27.14660.03898 0.0008366 0.00042571.0000001.0000000.000000  32.94268  23.29399   0.00001  5000  4815
   49.20   271.27083 7.3762 27.20400.03881 0.0008298 0.00042531.0000001.0000000.000000  33.07073  23.38454   0.00001  5000  4815
   49.40   272.74684 7.3839 27.26110.03864 0.0008231 0.00042491.0000001.0000000.000000  33.19876  23.47507   0.00001  5000  4815
   49.60   274.22439 7.3916 27.31810.03848 0.0008164 0.00042451.0000001.0000000.000000  33.32674  23.56557   0.00001  5000  4815
   49.80   275.70349 7.3993 27.37490.03832 0.0008099 0.00042411.0000001.0000000.000000  33.45470  23.65604   0.00001  5000  4815
   50.00   277.18412 7.4070 27.43150.03815 0.0008034 0.00042361.0000001.0000000.000000  33.58260  23.74648   0.00001  5000  4815
   50.20   278.66627 7.4146 27.48800.03799 0.0007970 0.00042321.0000001.0000000.000000  33.71047  23.83690   0.00001  5000  4815
   50.40   280.14994 7.4222 27.54420.03783 0.0007906 0.00042281.0000001.0000000.000000  33.83829  23.92728   0.00001  5000  4815
   50.60   281.63513 7.4297 27.60030.03768 0.0007844 0.00042241.0000001.0000000.000000  33.96607  24.01764   0.00001  5000  4815
   50.80   283.12183 7.4372 27.65620.03752 0.0007782 0.00042201.0000001.0000000.000000  34.09381  24.10797   0.00001  5000  4815
   51.00   284.61002 7.4447 27.71190.03736 0.0007721 0.00042151.0000001.0000000.000000  34.22151  24.19826   0.00001  5000  4815
   51.20   286.09971 7.4522 27.76750.03721 0.0007660 0.00042111.0000001.0000000.000000  34.34917  24.28853   0.00001  5000  4815
   51.40   287.59089 7.4596 27.82280.03706 0.0007600 0.00042071.0000001.0000000.000000  34.47679  24.37877   0.00001  5000  4815
   51.60   289.08355 7.4670 27.87800.03691 0.0007541 0.00042021.0000001.0000000.000000  34.60449  24.46907   0.00001  5000  4815
   51.80   290.57769 7.4744 27.93310.03676 0.0007483 0.00041981.0000001.0000000.000000  34.73194  24.55919   0.00001  5000  4815
   52.00   292.07329 7.4817 27.98790.03661 0.0007425 0.00041931.0000001.0000000.000000  34.85942  24.64933   0.00001  5000  4815
   52.20   293.57036 7.4890 28.04260.03646 0.0007368 0.00041891.0000001.0000000.000000  34.98686  24.73945   0.00001  5000  4815
   52.40   295.06889 7.4963 28.09710.03631 0.0007312 0.00041851.0000001.0000000.000000  35.11428  24.82955   0.00001  5000  4815
   52.60   296.56888 7.5035 28.15150.03616 0.0007256 0.00041801.0000001.0000000.000000  35.24164  24.91960   0.00001  5000  4815
   52.80   298.07030 7.5107 28.20570.03602 0.0007201 0.00041751.0000001.0000000.000000  35.36897  25.00964   0.00001  5000  4815
   53.00   299.57317 7.5179 28.25970.03587 0.0007146 0.00041711.0000001.0000000.000000  35.49627  25.09965   0.00001  5000  4815
   53.20   301.07748 7.5251 28.31350.03573 0.0007093 0.00041661.0000001.0000000.000000  35.62352  25.18963   0.00001  5000  4815
   53.40   302.58321 7.5322 28.36720.03559 0.0007039 0.00041621.0000001.0000000.000000  35.75073  25.27958   0.00001  5000  4815
   53.60   304.09037 7.5393 28.42080.03545 0.0006987 0.00041571.0000001.0000000.000000  35.87788  25.36949   0.00001  5000  4815
   53.80   305.59894 7.5464 28.47420.03531 0.0006935 0.00041521.0000001.0000000.000000  36.00503  25.45940   0.00001  5000  4815
   54.00   307.10893 7.5535 28.52740.03517 0.0006883 0.00041471.0000001.0000000.000000  36.13209  25.54925   0.00001  5000  4815
   54.20   308.62033 7.5605 28.58040.03503 0.0006832 0.00041431.0000001.0000000.000000  36.25915  25.63909   0.00001  5000  4815
   54.40   310.13312 7.5675 28.63330.03490 0.0006782 0.00041381.0000001.0000000.000000  36.38613  25.72888   0.00001  5000  4815
   54.60   311.64731 7.5744 28.68600.03476 0.0006732 0.00041331.0000001.0000000.000000  36.51312  25.81867   0.00001  5000  4815
   54.80   313.16289 7.5814 28.73860.03463 0.0006682 0.00041281.0000001.0000000.000000  36.64002  25.90840   0.00001  5000  4815
   55.00   314.67986 7.5883 28.79110.03449 0.0006634 0.00041231.0000001.0000000.000000  36.76691  25.99813   0.00001  5000  4815
   55.20   316.19821 7.5952 28.84330.03436 0.0006585 0.00041181.0000001.0000000.000000  36.89374  26.08781   0.00001  5000  4815
   55.40   317.71793 7.6020 28.89540.03423 0.0006538 0.00041131.0000001.0000000.000000  37.02052  26.17746   0.00001  5000  4815
   55.60   319.23902 7.6089 28.94740.03410 0.0006491 0.00041081.0000001.0000000.000000  37.14729  26.26710   0.00001  5000  4815
   55.80   320.76147 7.6157 28.99920.03397 0.0006444 0.00041031.0000001.0000000.000000  37.27402  26.35671   0.00001  5000  4815
   56.00   322.28529 7.6225 29.05090.03384 0.0006398 0.00040981.0000001.0000000.000000  37.40066  26.44626   0.00001  5000  4815
   56.20   323.81045 7.6292 29.10240.03371 0.0006352 0.00040921.0000001.0000000.000000  37.52730  26.53580   0.00001  5000  4815
   56.40   325.33697 7.6359 29.15380.03358 0.0006307 0.00040871.0000001.0000000.000000  37.65389  26.62532   0.00001  5000  4815
   56.60   326.86483 7.6426 29.20500.03346 0.0006262 0.00040821.0000001.0000000.000000  37.78044  26.71480   0.00001  5000  4815
   56.80   328.39402 7.6493 29.25600.03333 0.0006218 0.00040771.0000001.0000000.000000  37.90697  26.80427   0.00001  5000  4815
   57.00   329.92455 7.6560 29.30700.03321 0.0006173 0.00040711.0000001.0000000.000000  38.03467  26.89457   0.00001  5000  4815
   57.20   331.45641 7.6626 29.35770.03308 0.0006130 0.00040661.0000001.0000000.000000  38.15983  26.98307   0.00001  5000  4815
   57.40   332.98959 7.6692 29.40840.03296 0.0006088 0.00040611.0000001.0000000.000000  38.28621  27.07244   0.00001  5000  4815
   57.60   334.52409 7.6758 29.45880.03284 0.0006045 0.00040551.0000001.0000000.000000  38.41261  27.16182   0.00001  5000  4815
   57.80   336.05990 7.6823 29.50920.03272 0.0006003 0.00040501.0000001.0000000.000000  38.53888  27.25110   0.00001  5000  4815
   58.00   337.59703 7.6889 29.55940.03260 0.0005961 0.00040441.0000001.0000000.000000  38.66512  27.34037   0.00001  5000  4815
   58.20   339.13545 7.6954 29.60940.03248 0.0005920 0.00040381.0000001.0000000.000000  38.79138  27.42965   0.00001  5000  4815
   58.40   340.67518 7.7019 29.65940.03236 0.0005880 0.00040331.0000001.0000000.000000  38.91752  27.51884   0.00001  5000  4815
   58.60   342.21620 7.7083 29.70910.03224 0.0005839 0.00040271.0000001.0000000.000000  39.04366  27.60804   0.00001  5000  4815
   58.80   343.75851 7.7148 29.75880.03212 0.0005799 0.00040211.0000001.0000000.000000  39.16972  27.69717   0.00001  5000  4815
   59.00   345.30210 7.7212 29.80830.03201 0.0005760 0.00040161.0000001.0000000.000000  39.29575  27.78629   0.00001  5000  4815
   59.20   346.84697 7.7276 29.85760.03189 0.0005721 0.00040101.0000001.0000000.000000  39.42185  27.87546   0.00001  5000  4815
   59.40   348.39312 7.7339 29.90680.03178 0.0005682 0.00040041.0000001.0000000.000000  39.54778  27.96450   0.00001  5000  4815
   59.60   349.94054 7.7403 29.95590.03166 0.0005644 0.00039981.0000001.0000000.000000  39.67370  28.05354   0.00001  5000  4815
   59.80   351.48923 7.7466 30.00490.03155 0.0005606 0.00039921.0000001.0000000.000000  39.79963  28.14259   0.00001  5000  4815
   60.00   353.03918 7.7529 30.05370.03144 0.0005568 0.00039861.0000001.0000000.000000  39.92548  28.23158   0.00001  5000  4815
   60.20   354.59039 7.7592 30.10240.03133 0.0005531 0.00039801.0000001.0000000.000000  40.05128  28.32053   0.00001  5000  4815
   60.40   356.14285 7.7654 30.15090.03122 0.0005494 0.00039741.0000001.0000000.000000  40.17704  28.40946   0.00001  5000  4815
   60.60   357.69656 7.7717 30.19930.03111 0.0005458 0.00039681.0000001.0000000.000000  40.30277  28.49836   0.00001  5000  4815
   60.80   359.25151 7.7779 30.24760.03100 0.0005422 0.00039621.0000001.0000000.000000  40.42846  28.58723   0.00001  5000  4815
   61.00   360.80771 7.7841 30.29580.03089 0.0005386 0.00039561.0000001.0000000.000000  40.55409  28.67607   0.00001  5000  4815
   61.20   362.36514 7.7902 30.34380.03078 0.0005350 0.00039501.0000001.0000000.000000  40.67970  28.76489   0.00001  5000  4815
   61.40   363.92380 7.7964 30.39170.03067 0.0005315 0.00039441.0000001.0000000.000000  40.80526  28.85367   0.00001  5000  4815
   61.60   365.48368 7.8025 30.43950.03057 0.0005281 0.00039371.0000001.0000000.000000  40.93066  28.94235   0.00001  5000  4815
   61.80   367.04479 7.8086 30.48710.03046 0.0005246 0.00039311.0000001.0000000.000000  41.05623  29.03113   0.00001  5000  4815
   62.00   368.60712 7.8147 30.53460.03036 0.0005212 0.00039251.0000001.0000000.000000  41.18169  29.11986   0.00001  5000  4815
   62.20   370.17066 7.8207 30.58200.03025 0.0005178 0.00039181.0000001.0000000.000000  41.30711  29.20854   0.00001  5000  4815
   62.40   371.73542 7.8268 30.62920.03015 0.0005145 0.00039121.0000001.0000000.000000  41.43241  29.29714   0.00001  5000  4815
   62.60   373.30137 7.8328 30.67640.03004 0.0005112 0.00039051.0000001.0000000.000000  41.55775  29.38577   0.00001  5000  4815
   62.80   374.86853 7.8388 30.72340.02994 0.0005079 0.00038991.0000001.0000000.000000  41.68302  29.47434   0.00001  5000  4815
   63.00   376.43689 7.8448 30.77020.02984 0.0005047 0.00038921.0000001.0000000.000000  41.80824  29.56289   0.00001  5000  4815
   63.20   378.00644 7.8507 30.81700.02974 0.0005015 0.00038861.0000001.0000000.000000  41.93345  29.65143   0.00001  5000  4815
   63.40   379.57718 7.8567 30.86360.02964 0.0004983 0.00038791.0000001.0000000.000000  42.05859  29.73991   0.00001  5000  4815
   63.60   381.14911 7.8626 30.91010.02954 0.0004951 0.00038731.0000001.0000000.000000  42.18462  29.82903   0.00001  5000  4815
   63.80   382.72222 7.8685 30.95650.02944 0.0004920 0.00038661.0000001.0000000.000000  42.30881  29.91685   0.00001  5000  4815
   64.00   384.29650 7.8744 31.00280.02934 0.0004889 0.00038591.0000001.0000000.000000  42.43378  30.00521   0.00001  5000  4815
   64.20   385.87196 7.8802 31.04890.02924 0.0004858 0.00038521.0000001.0000000.000000  42.55878  30.09360   0.00001  5000  4815
   64.40   387.44859 7.8861 31.09500.02914 0.0004828 0.00038461.0000001.0000000.000000  42.68372  30.18195   0.00001  5000  4815
   64.60   389.02639 7.8919 31.14090.02905 0.0004798 0.00038391.0000001.0000000.000000  42.80860  30.27025   0.00001  5000  4815
   64.80   390.60534 7.8977 31.18670.02895 0.0004768 0.00038321.0000001.0000000.000000  42.93348  30.35855   0.00001  5000  4815
   65.00   392.18546 7.9035 31.23230.02885 0.0004739 0.00038251.0000001.0000000.000000  43.05827  30.44680   0.00001  5000  4815
   65.20   393.76672 7.9092 31.27790.02876 0.0004709 0.00038181.0000001.0000000.000000  43.18306  30.53504   0.00001  5000  4815
   65.40   395.34914 7.9150 31.32330.02867 0.0004680 0.00038111.0000001.0000000.000000  43.30780  30.62324   0.00001  5000  4815
   65.60   396.93271 7.9207 31.36860.02857 0.0004652 0.00038041.0000001.0000000.000000  43.43251  30.71142   0.00001  5000  4815
   65.80   398.51742 7.9264 31.41380.02848 0.0004623 0.00037971.0000001.0000000.000000  43.55717  30.79957   0.00001  5000  4815
   66.00   400.10326 7.9321 31.45890.02838 0.0004595 0.00037901.0000001.0000000.000000  43.68178  30.88768   0.00001  5000  4815
   66.20   401.69025 7.9377 31.50390.02829 0.0004567 0.00037831.0000001.0000000.000000  43.80634  30.97576   0.00001  5000  4815
   66.40   403.27836 7.9434 31.54880.02820 0.0004539 0.00037761.0000001.0000000.000000  43.93087  31.06381   0.00001  5000  4815
   66.60   404.86760 7.9490 31.59350.02811 0.0004512 0.00037691.0000001.0000000.000000  44.05549  31.15193   0.00001  5000  4815
   66.80   406.45797 7.9546 31.63810.02802 0.0004485 0.00037611.0000001.0000000.000000  44.17977  31.23981   0.00001  5000  4815
   67.00   408.04946 7.9602 31.68270.02793 0.0004458 0.00037541.0000001.0000000.000000  44.30420  31.32780   0.00001  5000  4815
   67.20   409.64206 7.9658 31.72710.02784 0.0004431 0.00037471.0000001.0000000.000000  44.42859  31.41576   0.00001  5000  4815
   67.40   411.23578 7.9714 31.77140.02775 0.0004404 0.00037401.0000001.0000000.000000  44.55291  31.50366   0.00001  5000  4815
   67.60   412.83061 7.9769 31.81550.02766 0.0004378 0.00037321.0000001.0000000.000000  44.67718  31.59154   0.00001  5000  4815
   67.80   414.42654 7.9824 31.85960.02757 0.0004352 0.00037251.0000001.0000000.000000  44.80142  31.67939   0.00001  5000  4815
   68.00   416.02358 7.9879 31.90360.02749 0.0004326 0.00037181.0000001.0000000.000000  44.92563  31.76721   0.00001  5000  4815
   68.20   417.62172 7.9934 31.94740.02740 0.0004301 0.00037101.0000001.0000000.000000  45.04980  31.85502   0.00001  5000  4815
   68.40   419.22095 7.9989 31.99120.02731 0.0004275 0.00037031.0000001.0000000.000000  45.17392  31.94278   0.00001  5000  4815
   68.60   420.82128 8.0044 32.03480.02723 0.0004250 0.00036951.0000001.0000000.000000  45.29797  32.03050   0.00001  5000  4815
   68.80   422.42269 8.0098 32.07840.02714 0.0004225 0.00036881.0000001.0000000.000000  45.42202  32.11822   0.00001  5000  4815
   69.00   424.02519 8.0152 32.12180.02706 0.0004201 0.00036801.0000001.0000000.000000  45.54603  32.20591   0.00001  5000  4815
   69.20   425.62878 8.0206 32.16510.02697 0.0004176 0.00036731.0000001.0000000.000000  45.66998  32.29355   0.00001  5000  4815
   69.40   427.23344 8.0260 32.20830.02689 0.0004152 0.00036651.0000001.0000000.000000  45.79390  32.38118   0.00001  5000  4815
   69.60   428.83917 8.0314 32.25140.02680 0.0004128 0.00036581.0000001.0000000.000000  45.91776  32.46876   0.00001  5000  4815
   69.80   430.44598 8.0367 32.29440.02672 0.0004104 0.00036501.0000001.0000000.000000  46.04152  32.55627   0.00001  5000  4815
   70.00   432.05386 8.0421 32.33730.02664 0.0004080 0.00036421.0000001.0000000.000000  46.16540  32.64387   0.00001  5000  4815
   70.20   433.66281 8.0474 32.38010.02656 0.0004057 0.00036351.0000001.0000000.000000  46.28915  32.73137   0.00001  5000  4815
   70.40   435.27281 8.0527 32.42280.02648 0.0004034 0.00036271.0000001.0000000.000000  46.41286  32.81885   0.00001  5000  4815
   70.60   436.88388 8.0580 32.46540.02639 0.0004011 0.00036191.0000001.0000000.000000  46.53652  32.90629   0.00001  5000  4815
   70.80   438.49600 8.0632 32.50790.02631 0.0003988 0.00036111.0000001.0000000.000000  46.66015  32.99371   0.00001  5000  4815
   71.00   440.10917 8.0685 32.55030.02623 0.0003965 0.00036041.0000001.0000000.000000  46.78374  33.08110   0.00001  5000  4815
   71.20   441.72339 8.0737 32.59260.02615 0.0003943 0.00035961.0000001.0000000.000000  46.90727  33.16845   0.00001  5000  4815
   71.40   443.33866 8.0790 32.63480.02607 0.0003920 0.00035881.0000001.0000000.000000  47.03075  33.25576   0.00001  5000  4815
   71.60   444.95498 8.0842 32.67680.02600 0.0003898 0.00035801.0000001.0000000.000000  47.15423  33.34307   0.00001  5000  4815
   71.80   446.57233 8.0894 32.71880.02592 0.0003876 0.00035721.0000001.0000000.000000  47.27766  33.43035   0.00001  5000  4815
   72.00   448.19072 8.0945 32.76070.02584 0.0003855 0.00035651.0000001.0000000.000000  47.40105  33.51760   0.00001  5000  4815
   72.20   449.81014 8.0997 32.80250.02576 0.0003833 0.00035571.0000001.0000000.000000  47.52438  33.60481   0.00001  5000  4815
   72.40   451.43059 8.1048 32.84420.02568 0.0003812 0.00035491.0000001.0000000.000000  47.64768  33.69200   0.00001  5000  4815
   72.60   453.05207 8.1100 32.88570.02561 0.0003791 0.00035411.0000001.0000000.000000  47.77093  33.77915   0.00001  5000  4815
   72.80   454.67457 8.1151 32.92720.02553 0.0003769 0.00035331.0000001.0000000.000000  47.89416  33.86628   0.00001  5000  4815
   73.00   456.29810 8.1202 32.96860.02546 0.0003749 0.00035251.0000001.0000000.000000  48.01733  33.95338   0.00001  5000  4815
   73.20   457.92264 8.1253 33.00990.02538 0.0003728 0.00035171.0000001.0000000.000000  48.14048  34.04046   0.00001  5000  4815
   73.40   459.54820 8.1303 33.05110.02531 0.0003707 0.00035091.0000001.0000000.000000  48.26356  34.12749   0.00001  5000  4815
   73.60   461.17477 8.1354 33.09220.02523 0.0003687 0.00035011.0000001.0000000.000000  48.38662  34.21450   0.00001  5000  4815
   73.80   462.80235 8.1404 33.13320.02516 0.0003667 0.00034931.0000001.0000000.000000  48.50964  34.30150   0.00001  5000  4815
   74.00   464.43094 8.1454 33.17410.02508 0.0003647 0.00034851.0000001.0000000.000000  48.63260  34.38844   0.00001  5000  4815
   74.20   466.06053 8.1505 33.21490.02501 0.0003627 0.00034771.0000001.0000000.000000  48.75553  34.47536   0.00001  5000  4815
   74.40   467.69112 8.1554 33.25570.02494 0.0003607 0.00034681.0000001.0000000.000000  48.87843  34.56227   0.00001  5000  4815
   74.60   469.32271 8.1604 33.29630.02486 0.0003588 0.00034601.0000001.0000000.000000  49.00127  34.64913   0.00001  5000  4815
   74.80   470.95529 8.1654 33.33680.02479 0.0003569 0.00034521.0000001.0000000.000000  49.12408  34.73597   0.00001  5000  4815
   75.00   472.58887 8.1703 33.37730.02472 0.0003549 0.00034441.0000001.0000000.000000  49.24685  34.82278   0.00001  5000  4815
   75.20   474.22343 8.1753 33.41760.02465 0.0003530 0.00034361.0000001.0000000.000000  49.36957  34.90956   0.00001  5000  4815
   75.40   475.85898 8.1802 33.45790.02458 0.0003511 0.00034281.0000001.0000000.000000  49.49226  34.99631   0.00001  5000  4815
   75.60   477.49551 8.1851 33.49800.02451 0.0003493 0.00034201.0000001.0000000.000000  49.61492  35.08305   0.00001  5000  4815
   75.80   479.13302 8.1900 33.53810.02444 0.0003474 0.00034111.0000001.0000000.000000  49.73751  35.16973   0.00001  5000  4815
   76.00   480.77151 8.1949 33.57810.02437 0.0003456 0.00034031.0000001.0000000.000000  49.86007  35.25640   0.00001  5000  4815
   76.20   482.41097 8.1998 33.61800.02430 0.0003437 0.00033951.0000001.0000000.000000  49.98261  35.34304   0.00001  5000  4815
   76.40   484.05141 8.2046 33.65780.02423 0.0003419 0.00033871.0000001.0000000.000000  50.10508  35.42964   0.00001  5000  4815
   76.60   485.69282 8.2094 33.69750.02416 0.0003401 0.00033791.0000001.0000000.000000  50.22752  35.51622   0.00001  5000  4815
   76.80   487.33519 8.2143 33.73710.02409 0.0003383 0.00033701.0000001.0000000.000000  50.34992  35.60277   0.00001  5000  4815
   77.00   488.97852 8.2191 33.77660.02402 0.0003365 0.00033621.0000001.0000000.000000  50.47227  35.68928   0.00001  5000  4815
   77.20   490.62282 8.2239 33.81610.02395 0.0003348 0.00033541.0000001.0000000.000000  50.59460  35.77578   0.00001  5000  4815
   77.40   492.26807 8.2287 33.85540.02389 0.0003330 0.00033461.0000001.0000000.000000  50.71687  35.86224   0.00001  5000  4815
   77.60   493.91428 8.2334 33.89470.02382 0.0003313 0.00033371.0000001.0000000.000000  50.83912  35.94868   0.00001  5000  4815
   77.80   495.56144 8.2382 33.93390.02375 0.0003296 0.00033291.0000001.0000000.000000  50.96131  36.03509   0.00001  5000  4815
   78.00   497.20956 8.2429 33.97300.02369 0.0003279 0.00033211.0000001.0000000.000000  51.08348  36.12148   0.00001  5000  4815
   78.20   498.85862 8.2477 34.01200.02362 0.0003262 0.00033121.0000001.0000000.000000  51.20556  36.20780   0.00001  5000  4815
   78.40   500.50862 8.2524 34.05090.02355 0.0003245 0.00033041.0000001.0000000.000000  51.32767  36.29414   0.00001  5000  4815
   78.60   502.15957 8.2571 34.08970.02349 0.0003228 0.00032961.0000001.0000000.000000  51.44968  36.38042   0.00001  5000  4815
   78.80   503.81145 8.2618 34.12850.02342 0.0003212 0.00032881.0000001.0000000.000000  51.57165  36.46666   0.00001  5000  4815
   79.00   505.46428 8.2665 34.16710.02336 0.0003195 0.00032791.0000001.0000000.000000  51.69362  36.55291   0.00001  5000  4815
   79.20   507.11803 8.2711 34.20570.02329 0.0003179 0.00032711.0000001.0000000.000000  51.81556  36.63914   0.00001  5000  4815
   79.40   508.77272 8.2758 34.24420.02323 0.0003163 0.00032631.0000001.0000000.000000  51.93755  36.72540   0.00001  5000  4815
   79.60   510.42834 8.2804 34.28260.02317 0.0003147 0.00032541.0000001.0000000.000000  52.05920  36.81141   0.00001  5000  4815
   79.80   512.08489 8.2850 34.32090.02310 0.0003131 0.00032461.0000001.0000000.000000  52.18104  36.89757   0.00001  5000  4815
   80.00   513.74236 8.2897 34.35920.02304 0.0003115 0.00032381.0000001.0000000.000000  52.30280  36.98367   0.00001  5000  4815
   80.20   515.40075 8.2943 34.39730.02298 0.0003099 0.00032291.0000001.0000000.000000  52.42451  37.06972   0.00001  5000  4815
   80.40   517.06006 8.2988 34.43540.02292 0.0003084 0.00032211.0000001.0000000.000000  52.54615  37.15574   0.00001  5000  4815
   80.60   518.72029 8.3034 34.47340.02285 0.0003068 0.00032131.0000001.0000000.000000  52.66777  37.24174   0.00001  5000  4815
   80.80   520.38143 8.3080 34.51130.02279 0.0003053 0.00032041.0000001.0000000.000000  52.78936  37.32771   0.00001  5000  4815
   81.00   522.04348 8.3125 34.54910.02273 0.0003038 0.00031961.0000001.0000000.000000  52.91090  37.41366   0.00001  5000  4815
   81.20   523.70644 8.3171 34.58690.02267 0.0003022 0.00031871.0000001.0000000.000000  53.03243  37.49959   0.00001  5000  4815
   81.40   525.37031 8.3216 34.62450.02261 0.0003007 0.00031791.0000001.0000000.000000  53.15389  37.58548   0.00001  5000  4815
   81.60   527.03508 8.3261 34.66210.02255 0.0002993 0.00031711.0000001.0000000.000000  53.27530  37.67132   0.00001  5000  4815
   81.80   528.70076 8.3306 34.69960.02249 0.0002978 0.00031621.0000001.0000000.000000  53.39669  37.75716   0.00001  5000  4815
   82.00   530.36733 8.3351 34.73710.02243 0.0002963 0.00031541.0000001.0000000.000000  53.51803  37.84296   0.00001  5000  4815
   82.20   532.03480 8.3396 34.77440.02237 0.0002948 0.00031461.0000001.0000000.000000  53.63933  37.92874   0.00001  5000  4815
   82.40   533.70317 8.3441 34.81170.02231 0.0002934 0.00031371.0000001.0000000.000000  53.76059  38.01448   0.00001  5000  4815
   82.60   535.37242 8.3485 34.84890.02225 0.0002920 0.00031291.0000001.0000000.000000  53.88182  38.10020   0.00001  5000  4815
   82.80   537.04257 8.3530 34.88600.02219 0.0002905 0.00031211.0000001.0000000.000000  54.00299  38.18588   0.00001  5000  4815
   83.00   538.71361 8.3574 34.92300.02213 0.0002891 0.00031121.0000001.0000000.000000  54.12414  38.27155   0.00001  5000  4815
   83.20   540.38553 8.3618 34.95990.02207 0.0002877 0.00031041.0000001.0000000.000000  54.24523  38.35717   0.00001  5000  4815
   83.40   542.05833 8.3662 34.99680.02201 0.0002863 0.00030961.0000001.0000000.000000  54.36629  38.44277   0.00001  5000  4815
   83.60   543.73202 8.3706 35.03360.02196 0.0002849 0.00030871.0000001.0000000.000000  54.48731  38.52835   0.00001  5000  4815
   83.80   545.40658 8.3750 35.07030.02190 0.0002836 0.00030791.0000001.0000000.000000  54.60827  38.61388   0.00001  5000  4815
   84.00   547.08202 8.3794 35.10700.02184 0.0002822 0.00030711.0000001.0000000.000000  54.72922  38.69940   0.00001  5000  4815
   84.20   548.75833 8.3837 35.14350.02178 0.0002808 0.00030621.0000001.0000000.000000  54.85012  38.78489   0.00001  5000  4815
   84.40   550.43551 8.3881 35.18000.02173 0.0002795 0.00030541.0000001.0000000.000000  54.97097  38.87035   0.00001  5000  4815
   84.60   552.11356 8.3924 35.21640.02167 0.0002782 0.00030461.0000001.0000000.000000  55.09179  38.95578   0.00001  5000  4815
   84.80   553.79248 8.3968 35.25280.02162 0.0002768 0.00030371.0000001.0000000.000000  55.21257  39.04118   0.00001  5000  4815
   85.00   555.47227 8.4011 35.28900.02156 0.0002755 0.00030291.0000001.0000000.000000  55.33331  39.12656   0.00001  5000  4815
   85.20   557.15291 8.4054 35.32520.02150 0.0002742 0.00030211.0000001.0000000.000000  55.45400  39.21190   0.00001  5000  4815
   85.40   558.83442 8.4097 35.36130.02145 0.0002729 0.00030121.0000001.0000000.000000  55.57465  39.29721   0.00001  5000  4815
   85.60   560.51678 8.4140 35.39740.02139 0.0002716 0.00030041.0000001.0000000.000000  55.69527  39.38250   0.00001  5000  4815
   85.80   562.20000 8.4182 35.43330.02134 0.0002703 0.00029961.0000001.0000000.000000  55.81584  39.46776   0.00001  5000  4815
   86.00   563.88408 8.4225 35.46920.02128 0.0002691 0.00029871.0000001.0000000.000000  55.93637  39.55299   0.00001  5000  4815
   86.20   565.56900 8.4267 35.50500.02123 0.0002678 0.00029791.0000001.0000000.000000  56.05687  39.63819   0.00001  5000  4815
   86.40   567.25478 8.4310 35.54080.02118 0.0002665 0.00029711.0000001.0000000.000000  56.17732  39.72337   0.00001  5000  4815
   86.60   568.94140 8.4352 35.57650.02112 0.0002653 0.00029631.0000001.0000000.000000  56.29774  39.80851   0.00001  5000  4815
   86.80   570.62886 8.4394 35.61210.02107 0.0002641 0.00029541.0000001.0000000.000000  56.41811  39.89363   0.00001  5000  4815
   87.00   572.31717 8.4436 35.64760.02101 0.0002628 0.00029461.0000001.0000000.000000  56.53843  39.97871   0.00001  5000  4815
   87.20   574.00632 8.4478 35.68300.02096 0.0002616 0.00029381.0000001.0000000.000000  56.65873  40.06377   0.00002  5000  4815
   87.40   575.69631 8.4520 35.71840.02091 0.0002604 0.00029301.0000001.0000000.000000  56.77898  40.14880   0.00002  5000  4815
   87.60   577.38713 8.4562 35.75370.02086 0.0002592 0.00029211.0000001.0000000.000000  56.89918  40.23380   0.00002  5000  4815
   87.80   579.07879 8.4604 35.78900.02080 0.0002580 0.00029131.0000001.0000000.000000  57.01941  40.31881   0.00002  5000  4815
   88.00   580.77128 8.4645 35.82410.02075 0.0002568 0.00029051.0000001.0000000.000000  57.13940  40.40366   0.00002  5000  4815
   88.20   582.46460 8.4687 35.85920.02070 0.0002556 0.00028971.0000001.0000000.000000  57.25971  40.48873   0.00002  5000  4815
   88.40   584.15875 8.4728 35.89420.02065 0.0002545 0.00028881.0000001.0000000.000000  57.37961  40.57351   0.00002  5000  4815
   88.60   585.85373 8.4769 35.92920.02060 0.0002533 0.00028801.0000001.0000000.000000  57.49966  40.65840   0.00002  5000  4815
   88.80   587.54953 8.4810 35.96410.02055 0.0002521 0.00028721.0000001.0000000.000000  57.61962  40.74323   0.00002  5000  4815
   89.00   589.24615 8.4852 35.99890.02049 0.0002510 0.00028641.0000001.0000000.000000  57.73952  40.82801   0.00002  5000  4815
   89.20   590.94359 8.4892 36.03360.02044 0.0002498 0.00028561.0000001.0000000.000000  57.85943  40.91280   0.00002  5000  4815
   89.40   592.64184 8.4933 36.06830.02039 0.0002487 0.00028481.0000001.0000000.000000  57.97927  40.99754   0.00002  5000  4815
   89.60   594.34092 8.4974 36.10290.02034 0.0002476 0.00028401.0000001.0000000.000000  58.09908  41.08225   0.00002  5000  4815
   89.80   596.04080 8.5015 36.13750.02029 0.0002465 0.00028311.0000001.0000000.000000  58.21885  41.16694   0.00002  5000  4815
   90.00   597.74150 8.5055 36.17190.02024 0.0002454 0.00028231.0000001.0000000.000000  58.33857  41.25160   0.00002  5000  4815
   90.20   599.44301 8.5096 36.20630.02019 0.0002443 0.00028151.0000001.0000000.000000  58.45827  41.33624   0.00002  5000  4815
   90.40   601.14533 8.5136 36.24070.02014 0.0002432 0.00028071.0000001.0000000.000000  58.57791  41.42084   0.00002  5000  4815
   90.60   602.84845 8.5176 36.27490.02010 0.0002421 0.00027991.0000001.0000000.000000  58.69752  41.50542   0.00002  5000  4815
   90.80   604.55238 8.5216 36.30910.02005 0.0002410 0.00027911.0000001.0000000.000000  58.81707  41.58995   0.00002  5000  4815
   91.00   606.25710 8.5256 36.34330.02000 0.0002399 0.00027831.0000001.0000000.000000  58.93661  41.67448   0.00002  5000  4815
   91.20   607.96263 8.5296 36.37730.01995 0.0002389 0.00027751.0000001.0000000.000000  59.05610  41.75897   0.00002  5000  4815
   91.40   609.66896 8.5336 36.41130.01990 0.0002378 0.00027671.0000001.0000000.000000  59.17553  41.84342   0.00002  5000  4815
   91.60   611.37608 8.5376 36.44530.01985 0.0002368 0.00027591.0000001.0000000.000000  59.29494  41.92785   0.00002  5000  4815
   91.80   613.08400 8.5416 36.47910.01981 0.0002357 0.00027511.0000001.0000000.000000  59.41431  42.01226   0.00002  5000  4815
   92.00   614.79270 8.5455 36.51290.01976 0.0002347 0.00027431.0000001.0000000.000000  59.53365  42.09665   0.00002  5000  4815
   92.20   616.50220 8.5495 36.54670.01971 0.0002336 0.00027351.0000001.0000000.000000  59.65293  42.18099   0.00002  5000  4815
   92.40   618.21249 8.5534 36.58030.01966 0.0002326 0.00027271.0000001.0000000.000000  59.77218  42.26532   0.00002  5000  4815
   92.60   619.92356 8.5573 36.61390.01962 0.0002316 0.00027191.0000001.0000000.000000  59.89139  42.34961   0.00002  5000  4815
   92.80   621.63542 8.5612 36.64750.01957 0.0002306 0.00027111.0000001.0000000.000000  60.01055  42.43387   0.00002  5000  4815
   93.00   623.34806 8.5652 36.68100.01952 0.0002296 0.00027031.0000001.0000000.000000  60.12967  42.51810   0.00002  5000  4815
   93.20   625.06148 8.5691 36.71440.01948 0.0002286 0.00026951.0000001.0000000.000000  60.24876  42.60231   0.00002  5000  4815
   93.40   626.77569 8.5729 36.74770.01943 0.0002276 0.00026871.0000001.0000000.000000  60.36781  42.68649   0.00002  5000  4815
   93.60   628.49066 8.5768 36.78100.01938 0.0002266 0.00026801.0000001.0000000.000000  60.48681  42.77064   0.00002  5000  4815
   93.80   630.20642 8.5807 36.81420.01934 0.0002256 0.00026721.0000001.0000000.000000  60.60578  42.85476   0.00002  5000  4815
   94.00   631.92294 8.5846 36.84740.01929 0.0002246 0.00026641.0000001.0000000.000000  60.72471  42.93886   0.00002  5000  4815
   94.20   633.64024 8.5884 36.88050.01925 0.0002237 0.00026561.0000001.0000000.000000  60.84359  43.02291   0.00002  5000  4815
   94.40   635.35831 8.5923 36.91350.01920 0.0002227 0.00026481.0000001.0000000.000000  60.96244  43.10696   0.00002  5000  4815
   94.60   637.07715 8.5961 36.94650.01916 0.0002218 0.00026401.0000001.0000000.000000  61.08126  43.19097   0.00002  5000  4815
   94.80   638.79675 8.5999 36.97940.01911 0.0002208 0.00026331.0000001.0000000.000000  61.20003  43.27495   0.00002  5000  4815
   95.00   640.51712 8.6037 37.01220.01907 0.0002199 0.00026251.0000001.0000000.000000  61.31875  43.35890   0.00002  5000  4815
   95.20   642.23825 8.6076 37.04500.01902 0.0002189 0.00026171.0000001.0000000.000000  61.43743  43.44283   0.00002  5000  4815
   95.40   643.96014 8.6114 37.07770.01898 0.0002180 0.00026091.0000001.0000000.000000  61.55606  43.52671   0.00002  5000  4815
   95.60   645.68279 8.6151 37.11040.01893 0.0002171 0.00026021.0000001.0000000.000000  61.67469  43.61060   0.00002  5000  4815
   95.80   647.40619 8.6189 37.14290.01889 0.0002162 0.00025941.0000001.0000000.000000  61.79327  43.69444   0.00002  5000  4815
   96.00   649.13036 8.6227 37.17550.01885 0.0002153 0.00025861.0000001.0000000.000000  61.91178  43.77824   0.00002  5000  4815
   96.20   650.85527 8.6265 37.20800.01880 0.0002143 0.00025791.0000001.0000000.000000  62.03030  43.86204   0.00002  5000  4815
   96.40   652.58094 8.6302 37.24040.01876 0.0002134 0.00025711.0000001.0000000.000000  62.14871  43.94578   0.00002  5000  4815
   96.60   654.30736 8.6340 37.27270.01872 0.0002125 0.00025631.0000001.0000000.000000  62.26712  44.02951   0.00002  5000  4815
   96.80   656.03453 8.6377 37.30500.01867 0.0002117 0.00025561.0000001.0000000.000000  62.38552  44.11322   0.00002  5000  4815
   97.00   657.76245 8.6414 37.33720.01863 0.0002108 0.00025481.0000001.0000000.000000  62.50385  44.19690   0.00002  5000  4815
   97.20   659.49111 8.6452 37.36940.01859 0.0002099 0.00025411.0000001.0000000.000000  62.62212  44.28052   0.00002  5000  4815
   97.40   661.22051 8.6489 37.40150.01855 0.0002090 0.00025331.0000001.0000000.000000  62.74039  44.36416   0.00002  5000  4815
   97.60   662.95065 8.6526 37.43360.01850 0.0002081 0.00025251.0000001.0000000.000000  62.85859  44.44774   0.00002  5000  4815
   97.80   664.68154 8.6563 37.46550.01846 0.0002073 0.00025181.0000001.0000000.000000  62.97708  44.53152   0.00002  5000  4815
   98.00   666.41316 8.6600 37.49750.01842 0.0002064 0.00025101.0000001.0000000.000000  63.09510  44.61497   0.00002  5000  4815
   98.20   668.14552 8.6636 37.52940.01838 0.0002056 0.00025031.0000001.0000000.000000  63.21288  44.69826   0.00002  5000  4815
   98.40   669.87862 8.6673 37.56120.01834 0.0002047 0.00024951.0000001.0000000.000000  63.33109  44.78184   0.00002  5000  4815
   98.60   671.61245 8.6710 37.59290.01829 0.0002039 0.00024881.0000001.0000000.000000  63.44902  44.86523   0.00002  5000  4815
   98.80   673.34701 8.6746 37.62460.01825 0.0002030 0.00024811.0000001.0000000.000000  63.56694  44.94862   0.00002  5000  4815
   99.00   675.08230 8.6783 37.65630.01821 0.0002022 0.00024731.0000001.0000000.000000  63.68491  45.03204   0.00002  5000  4815
   99.20   676.81832 8.6819 37.68780.01817 0.0002014 0.00024661.0000001.0000000.000000  63.80283  45.11541   0.00002  5000  4815
   99.40   678.55507 8.6855 37.71940.01813 0.0002006 0.00024581.0000001.0000000.000000  63.92069  45.19875   0.00002  5000  4815
   99.60   680.29254 8.6892 37.75080.01809 0.0001997 0.00024511.0000001.0000000.000000  64.03847  45.28204   0.00002  5000  4815
   99.80   682.03074 8.6928 37.78220.01805 0.0001989 0.00024441.0000001.0000000.000000  64.15626  45.36532   0.00002  5000  4815
  100.00   683.76965 8.6964 37.81360.01801 0.0001981 0.00024361.0000001.0000000.000000  64.27400  45.44858   0.00002  5000  4815
