 # vmoy Emoy dndv dndE
 0.1080	  0.0058	105.060571	972.969516
 0.1146	  0.0066	103.020405	898.880717
 0.1213	  0.0074	101.164887	833.920386
 0.1281	  0.0082	 99.465357	776.591757
 0.1349	  0.0091	 97.897979	725.690275
 0.1418	  0.0101	 96.442927	680.239598
 0.1487	  0.0111	 95.083710	639.442836
 0.1557	  0.0121	 93.806608	602.645145
 0.1627	  0.0132	 92.600195	569.304838
 0.1697	  0.0144	 91.454942	538.970940
 0.1767	  0.0156	 90.362892	511.265647
 0.1838	  0.0169	 89.317385	485.870532
 0.1909	  0.0182	 88.312831	462.515649
 0.1981	  0.0196	 87.344522	440.970858
 0.2052	  0.0211	 86.408485	421.038899
 0.2124	  0.0226	 85.501347	402.549824
 0.2196	  0.0241	 84.620239	385.356495
 0.2268	  0.0257	 83.762707	369.330928
 0.2340	  0.0274	 82.926644	354.361304
 0.2413	  0.0291	 82.110231	340.349519
 0.2485	  0.0309	 81.311895	327.209157
 0.2558	  0.0327	 80.530264	314.863812
 0.2630	  0.0346	 79.764140	303.245687
 0.2703	  0.0365	 79.012473	292.294419
 0.2776	  0.0385	 78.274333	281.956096
 0.2849	  0.0406	 77.548900	272.182416
 0.2922	  0.0427	 76.835446	262.929983
 0.2995	  0.0449	 76.133318	254.159699
 0.3069	  0.0471	 75.441934	245.836251
 0.3142	  0.0494	 74.760770	237.927660
 0.3216	  0.0517	 74.089353	230.404902
 0.3289	  0.0541	 73.427257	223.241576
 0.3363	  0.0565	 72.774093	216.413613
 0.3436	  0.0590	 72.129508	209.899027
 0.3510	  0.0616	 71.493180	203.677692
 0.3584	  0.0642	 70.864812	197.731156
 0.3658	  0.0669	 70.244134	192.042467
 0.3732	  0.0696	 69.630895	186.596024
 0.3806	  0.0724	 69.024865	181.377447
 0.3880	  0.0753	 68.425830	176.373461
 0.3954	  0.0782	 67.833591	171.571791
 0.4028	  0.0811	 67.247965	166.961069
 0.4102	  0.0841	 66.668778	162.530755
 0.4176	  0.0872	 66.095871	158.271060
 0.4250	  0.0903	 65.529092	154.172884
 0.4325	  0.0935	 64.968300	150.227754
 0.4399	  0.0968	 64.413363	146.427771
 0.4473	  0.1001	 63.864153	142.765564
 0.4548	  0.1034	 63.320554	139.234247
 0.4622	  0.1068	 62.782453	135.827378
 0.4697	  0.1103	 62.249743	132.538926
 0.4771	  0.1138	 61.722324	129.363237
 0.4846	  0.1174	 61.200101	126.295006
 0.4920	  0.1211	 60.682980	123.329251
 0.4995	  0.1248	 60.170875	120.461289
 0.5070	  0.1285	 59.663703	117.686712
 0.5144	  0.1323	 59.161383	115.001370
 0.5219	  0.1362	 58.663840	112.401351
 0.5294	  0.1401	 58.170999	109.882964
 0.5369	  0.1441	 57.682789	107.442724
 0.5444	  0.1482	 57.199143	105.077338
 0.5518	  0.1523	 56.719995	102.783694
 0.5593	  0.1564	 56.245282	100.558843
 0.5668	  0.1606	 55.774942	 98.399996
 0.5743	  0.1649	 55.308916	 96.304507
 0.5818	  0.1693	 54.847147	 94.269869
 0.5893	  0.1736	 54.389580	 92.293701
 0.5968	  0.1781	 53.936161	 90.373742
 0.6043	  0.1826	 53.486837	 88.507846
 0.6118	  0.1872	 53.041557	 86.693969
 0.6193	  0.1918	 52.600273	 84.930168
 0.6268	  0.1965	 52.162935	 83.214593
 0.6344	  0.2012	 51.729498	 81.545483
 0.6419	  0.2060	 51.299915	 79.921158
 0.6494	  0.2109	 50.874142	 78.340017
 0.6569	  0.2158	 50.452134	 76.800532
 0.6644	  0.2207	 50.033851	 75.301244
 0.6720	  0.2258	 49.619249	 73.840760
 0.6795	  0.2309	 49.208289	 72.417749
 0.6870	  0.2360	 48.800930	 71.030939
 0.6946	  0.2412	 48.397134	 69.679111
 0.7021	  0.2465	 47.996862	 68.361101
 0.7096	  0.2518	 47.600077	 67.075794
 0.7172	  0.2572	 47.206742	 65.822121
 0.7247	  0.2626	 46.816821	 64.599058
 0.7323	  0.2681	 46.430278	 63.405624
 0.7398	  0.2737	 46.047080	 62.240878
 0.7474	  0.2793	 45.667191	 61.103917
 0.7549	  0.2850	 45.290578	 59.993873
 0.7625	  0.2907	 44.917208	 58.909915
 0.7700	  0.2965	 44.547050	 57.851242
 0.7776	  0.3023	 44.180069	 56.817087
 0.7851	  0.3082	 43.816237	 55.806710
 0.7927	  0.3142	 43.455520	 54.819401
 0.8003	  0.3202	 43.097890	 53.854477
 0.8078	  0.3263	 42.743316	 52.911280
 0.8154	  0.3324	 42.391768	 51.989176
 0.8230	  0.3386	 42.043218	 51.087557
 0.8305	  0.3449	 41.697636	 50.205834
 0.8381	  0.3512	 41.354994	 49.343441
 0.8457	  0.3576	 41.015265	 48.499833
 0.8533	  0.3640	 40.678421	 47.674483
 0.8608	  0.3705	 40.344434	 46.866884
 0.8684	  0.3771	 40.013279	 46.076546
 0.8760	  0.3837	 39.684928	 45.302997
 0.8836	  0.3904	 39.359355	 44.545779
 0.8912	  0.3971	 39.036535	 43.804453
 0.8987	  0.4039	 38.716442	 43.078593
 0.9063	  0.4107	 38.399052	 42.367787
 0.9139	  0.4176	 38.084338	 41.671637
 0.9215	  0.4246	 37.772277	 40.989760
 0.9291	  0.4316	 37.462845	 40.321784
 0.9367	  0.4387	 37.156017	 39.667349
 0.9443	  0.4458	 36.851771	 39.026107
 0.9519	  0.4530	 36.550081	 38.397722
 0.9595	  0.4603	 36.250927	 37.781868
 0.9671	  0.4676	 35.954283	 37.178229
 0.9747	  0.4750	 35.660129	 36.586499
 0.9823	  0.4824	 35.368442	 36.006384
 0.9899	  0.4899	 35.079199	 35.437595
 0.9975	  0.4975	 34.792379	 34.879856
 1.0051	  0.5051	 34.507960	 34.332896
 1.0127	  0.5128	 34.225921	 33.796454
 1.0203	  0.5205	 33.946241	 33.270278
 1.0279	  0.5283	 33.668898	 32.754121
 1.0355	  0.5362	 33.393873	 32.247744
 1.0432	  0.5441	 33.121144	 31.750918
 1.0508	  0.5521	 32.850692	 31.263416
 1.0584	  0.5601	 32.582496	 30.785022
 1.0660	  0.5682	 32.316537	 30.315523
 1.0736	  0.5763	 32.052795	 29.854714
 1.0812	  0.5845	 31.791250	 29.402395
 1.0889	  0.5928	 31.531884	 28.958373
 1.0965	  0.6012	 31.274677	 28.522458
 1.1041	  0.6095	 31.019610	 28.094468
 1.1117	  0.6180	 30.766665	 27.674225
 1.1194	  0.6265	 30.515824	 27.261555
 1.1270	  0.6351	 30.267067	 26.856291
 1.1346	  0.6437	 30.020378	 26.458268
 1.1423	  0.6524	 29.775738	 26.067328
 1.1499	  0.6611	 29.533129	 25.683315
 1.1575	  0.6699	 29.292533	 25.306078
 1.1652	  0.6788	 29.053935	 24.935472
 1.1728	  0.6877	 28.817315	 24.571352
 1.1804	  0.6967	 28.582657	 24.213581
 1.1881	  0.7058	 28.349945	 23.862022
 1.1957	  0.7149	 28.119161	 23.516545
 1.2034	  0.7240	 27.890289	 23.177020
 1.2110	  0.7333	 27.663313	 22.843322
 1.2186	  0.7426	 27.438215	 22.515330
 1.2263	  0.7519	 27.214981	 22.192925
 1.2339	  0.7613	 26.993594	 21.875992
 1.2416	  0.7708	 26.774038	 21.564417
 1.2492	  0.7803	 26.556298	 21.258090
 1.2569	  0.7899	 26.340358	 20.956905
 1.2645	  0.7995	 26.126204	 20.660756
 1.2722	  0.8092	 25.913818	 20.369543
 1.2798	  0.8190	 25.703187	 20.083165
 1.2875	  0.8288	 25.494296	 19.801526
 1.2951	  0.8387	 25.287129	 19.524530
 1.3028	  0.8486	 25.081673	 19.252087
 1.3105	  0.8587	 24.877912	 18.984105
 1.3181	  0.8687	 24.675832	 18.720496
 1.3258	  0.8788	 24.475420	 18.461176
 1.3334	  0.8890	 24.276660	 18.206060
 1.3411	  0.8993	 24.079538	 17.955066
 1.3488	  0.9096	 23.884042	 17.708114
 1.3564	  0.9199	 23.690157	 17.465127
 1.3641	  0.9304	 23.497869	 17.226029
 1.3718	  0.9409	 23.307165	 16.990744
 1.3794	  0.9514	 23.118031	 16.759201
 1.3871	  0.9620	 22.930455	 16.531328
 1.3948	  0.9727	 22.744424	 16.307056
 1.4024	  0.9834	 22.559923	 16.086317
 1.4101	  0.9942	 22.376940	 15.869044
 1.4178	  1.0050	 22.195463	 15.655174
 1.4254	  1.0159	 22.015479	 15.444643
 1.4331	  1.0269	 21.836974	 15.237388
 1.4408	  1.0379	 21.659938	 15.033350
 1.4485	  1.0490	 21.484357	 14.832469
 1.4561	  1.0602	 21.310219	 14.634687
 1.4638	  1.0714	 21.137511	 14.439948
 1.4715	  1.0827	 20.966223	 14.248196
 1.4792	  1.0940	 20.796342	 14.059378
 1.4869	  1.1054	 20.627856	 13.873440
 1.4945	  1.1168	 20.460753	 13.690330
 1.5022	  1.1283	 20.295023	 13.509998
 1.5099	  1.1399	 20.130653	 13.332393
 1.5176	  1.1515	 19.967631	 13.157469
 1.5253	  1.1632	 19.805948	 12.985176
 1.5330	  1.1750	 19.645591	 12.815468
 1.5406	  1.1868	 19.486549	 12.648301
 1.5483	  1.1987	 19.328812	 12.483628
 1.5560	  1.2106	 19.172368	 12.321408
 1.5637	  1.2226	 19.017206	 12.161596
 1.5714	  1.2347	 18.863317	 12.004150
 1.5791	  1.2468	 18.710689	 11.849031
 1.5868	  1.2589	 18.559312	 11.696198
 1.5945	  1.2712	 18.409174	 11.545611
 1.6022	  1.2835	 18.260267	 11.397231
 1.6099	  1.2958	 18.112580	 11.251022
 1.6176	  1.3082	 17.966102	 11.106946
 1.6253	  1.3207	 17.820823	 10.964967
 1.6329	  1.3333	 17.676734	 10.825049
 1.6406	  1.3459	 17.533824	 10.687157
 1.6483	  1.3585	 17.392084	 10.551258
 1.6560	  1.3712	 17.251503	 10.417318
 1.6637	  1.3840	 17.112073	 10.285305
 1.6714	  1.3969	 16.973784	 10.155185
 1.6791	  1.4098	 16.836626	 10.026927
 1.6868	  1.4227	 16.700589	  9.900502
 1.6945	  1.4357	 16.565665	  9.775878
 1.7022	  1.4488	 16.431844	  9.653025
 1.7100	  1.4620	 16.299117	  9.531915
 1.7177	  1.4752	 16.167475	  9.412519
 1.7254	  1.4884	 16.036909	  9.294809
 1.7331	  1.5018	 15.907410	  9.178758
 1.7408	  1.5151	 15.778968	  9.064338
 1.7485	  1.5286	 15.651576	  8.951524
 1.7562	  1.5421	 15.525225	  8.840288
 1.7639	  1.5557	 15.399905	  8.730607
 1.7716	  1.5693	 15.275609	  8.622454
 1.7793	  1.5830	 15.152328	  8.515806
 1.7870	  1.5967	 15.030053	  8.410638
 1.7947	  1.6105	 14.908777	  8.306926
 1.8025	  1.6244	 14.788490	  8.204648
 1.8102	  1.6384	 14.669184	  8.103782
 1.8179	  1.6523	 14.550853	  8.004303
 1.8256	  1.6664	 14.433486	  7.906192
 1.8333	  1.6805	 14.317077	  7.809425
 1.8410	  1.6947	 14.201618	  7.713983
 1.8487	  1.7089	 14.087100	  7.619844
 1.8565	  1.7232	 13.973516	  7.526988
 1.8642	  1.7376	 13.860858	  7.435395
 1.8719	  1.7520	 13.749118	  7.345045
 1.8796	  1.7665	 13.638289	  7.255920
 1.8873	  1.7810	 13.528364	  7.168000
 1.8950	  1.7956	 13.419334	  7.081267
 1.9028	  1.8103	 13.311193	  6.995703
 1.9105	  1.8250	 13.203933	  6.911289
 1.9182	  1.8398	 13.097547	  6.828008
 1.9259	  1.8546	 12.992027	  6.745843
 1.9337	  1.8695	 12.887367	  6.664776
 1.9414	  1.8845	 12.783559	  6.584792
 1.9491	  1.8995	 12.680596	  6.505873
 1.9568	  1.9146	 12.578472	  6.428004
 1.9645	  1.9297	 12.477178	  6.351168
 1.9723	  1.9449	 12.376710	  6.275351
 1.9800	  1.9602	 12.277059	  6.200537
 1.9877	  1.9755	 12.178219	  6.126711
 1.9955	  1.9909	 12.080183	  6.053858
 2.0032	  2.0064	 11.982945	  5.981963
 2.0109	  2.0219	 11.886498	  5.911013
 2.0186	  2.0374	 11.790836	  5.840993
 2.0264	  2.0531	 11.695951	  5.771890
 2.0341	  2.0688	 11.601838	  5.703690
 2.0418	  2.0845	 11.508491	  5.636380
 2.0496	  2.1003	 11.415902	  5.569947
 2.0573	  2.1162	 11.324066	  5.504377
 2.0650	  2.1321	 11.232977	  5.439659
 2.0727	  2.1481	 11.142628	  5.375780
 2.0805	  2.1642	 11.053014	  5.312727
 2.0882	  2.1803	 10.964127	  5.250488
 2.0959	  2.1965	 10.875963	  5.189052
 2.1037	  2.2127	 10.788515	  5.128408
 2.1114	  2.2290	 10.701777	  5.068543
 2.1191	  2.2454	 10.615744	  5.009446
 2.1269	  2.2618	 10.530410	  4.951107
 2.1346	  2.2783	 10.445769	  4.893514
 2.1424	  2.2948	 10.361815	  4.836657
 2.1501	  2.3114	 10.278543	  4.780525
 2.1578	  2.3281	 10.195946	  4.725108
 2.1656	  2.3448	 10.114021	  4.670396
 2.1733	  2.3616	 10.032760	  4.616378
 2.1810	  2.3785	  9.952159	  4.563045
 2.1888	  2.3954	  9.872212	  4.510388
 2.1965	  2.4123	  9.792913	  4.458396
 2.2042	  2.4294	  9.714258	  4.407060
 2.2120	  2.4464	  9.636241	  4.356371
 2.2197	  2.4636	  9.558857	  4.306320
 2.2275	  2.4808	  9.482101	  4.256897
 2.2352	  2.4981	  9.405967	  4.208095
 2.2429	  2.5154	  9.330450	  4.159905
 2.2507	  2.5328	  9.255546	  4.112317
 2.2584	  2.5503	  9.181249	  4.065324
 2.2662	  2.5678	  9.107555	  4.018917
 2.2739	  2.5853	  9.034458	  3.973088
 2.2817	  2.6030	  8.961953	  3.927829
 2.2894	  2.6207	  8.890036	  3.883133
 2.2971	  2.6384	  8.818702	  3.838991
 2.3049	  2.6562	  8.747946	  3.795396
 2.3126	  2.6741	  8.677763	  3.752340
 2.3204	  2.6921	  8.608149	  3.709816
 2.3281	  2.7101	  8.539099	  3.667817
 2.3359	  2.7281	  8.470608	  3.626335
 2.3436	  2.7462	  8.402671	  3.585363
 2.3513	  2.7644	  8.335285	  3.544896
 2.3591	  2.7827	  8.268445	  3.504924
 2.3668	  2.8010	  8.202146	  3.465443
 2.3746	  2.8193	  8.136383	  3.426445
 2.3823	  2.8378	  8.071153	  3.387923
 2.3901	  2.8562	  8.006451	  3.349872
 2.3978	  2.8748	  7.942273	  3.312284
 2.4056	  2.8934	  7.878614	  3.275155
 2.4133	  2.9121	  7.815470	  3.238477
 2.4211	  2.9308	  7.752838	  3.202244
 2.4288	  2.9496	  7.690712	  3.166451
 2.4366	  2.9684	  7.629088	  3.131091
 2.4443	  2.9873	  7.567963	  3.096159
 2.4521	  3.0063	  7.507333	  3.061650
 2.4598	  3.0253	  7.447193	  3.027556
 2.4676	  3.0444	  7.387539	  2.993874
 2.4753	  3.0636	  7.328368	  2.960597
 2.4830	  3.0828	  7.269675	  2.927721
 2.4908	  3.1020	  7.211457	  2.895239
 2.4985	  3.1214	  7.153709	  2.863147
 2.5063	  3.1408	  7.096429	  2.831440
 2.5140	  3.1602	  7.039611	  2.800112
 2.5218	  3.1797	  6.983252	  2.769158
 2.5295	  3.1993	  6.927349	  2.738574
 2.5373	  3.2189	  6.871898	  2.708354
 2.5450	  3.2386	  6.816895	  2.678495
 2.5528	  3.2584	  6.762336	  2.648991
 2.5605	  3.2782	  6.708218	  2.619837
 2.5683	  3.2981	  6.654537	  2.591030
 2.5760	  3.3180	  6.601290	  2.562563
 2.5838	  3.3380	  6.548473	  2.534435
 2.5916	  3.3581	  6.496082	  2.506638
 2.5993	  3.3782	  6.444115	  2.479171
 2.6071	  3.3984	  6.392567	  2.452027
 2.6148	  3.4186	  6.341435	  2.425203
 2.6226	  3.4389	  6.290716	  2.398696
 2.6303	  3.4593	  6.240407	  2.372500
 2.6381	  3.4797	  6.190504	  2.346611
 2.6458	  3.5002	  6.141003	  2.321027
 2.6536	  3.5207	  6.091902	  2.295743
 2.6613	  3.5413	  6.043197	  2.270755
 2.6691	  3.5620	  5.994886	  2.246059
 2.6768	  3.5827	  5.946964	  2.221651
 2.6846	  3.6035	  5.899428	  2.197529
 2.6923	  3.6243	  5.852277	  2.173688
 2.7001	  3.6452	  5.805505	  2.150125
 2.7078	  3.6662	  5.759111	  2.126836
 2.7156	  3.6872	  5.713091	  2.103817
 2.7233	  3.7083	  5.667443	  2.081066
 2.7311	  3.7294	  5.622162	  2.058579
 2.7388	  3.7506	  5.577246	  2.036352
 2.7466	  3.7719	  5.532693	  2.014383
 2.7543	  3.7932	  5.488499	  1.992668
 2.7621	  3.8146	  5.444661	  1.971204
 2.7699	  3.8360	  5.401176	  1.949987
 2.7776	  3.8575	  5.358042	  1.929015
 2.7854	  3.8791	  5.315256	  1.908284
 2.7931	  3.9007	  5.272815	  1.887792
 2.8009	  3.9224	  5.230715	  1.867536
 2.8086	  3.9442	  5.188955	  1.847512
 2.8164	  3.9660	  5.147531	  1.827718
 2.8241	  3.9878	  5.106441	  1.808151
 2.8319	  4.0098	  5.065682	  1.788808
 2.8396	  4.0317	  5.025251	  1.769686
 2.8474	  4.0538	  4.985146	  1.750783
 2.8551	  4.0759	  4.945364	  1.732095
 2.8629	  4.0981	  4.905902	  1.713621
 2.8706	  4.1203	  4.866758	  1.695357
 2.8784	  4.1426	  4.827930	  1.677301
 2.8861	  4.1649	  4.789414	  1.659450
 2.8939	  4.1873	  4.751208	  1.641802
 2.9017	  4.2098	  4.713309	  1.624355
 2.9094	  4.2323	  4.675716	  1.607105
 2.9172	  4.2549	  4.638426	  1.590051
 2.9249	  4.2775	  4.601435	  1.573190
 2.9327	  4.3002	  4.564742	  1.556520
 2.9404	  4.3230	  4.528345	  1.540038
 2.9482	  4.3458	  4.492240	  1.523742
 2.9559	  4.3687	  4.456426	  1.507630
 2.9637	  4.3917	  4.420900	  1.491699
 2.9714	  4.4147	  4.385660	  1.475948
 2.9792	  4.4377	  4.350704	  1.460374
 2.9869	  4.4609	  4.316029	  1.444975
 2.9947	  4.4840	  4.281632	  1.429749
 3.0024	  4.5073	  4.247512	  1.414694
 3.0102	  4.5306	  4.213667	  1.399807
 3.0179	  4.5539	  4.180094	  1.385087
 3.0257	  4.5774	  4.146790	  1.370532
 3.0334	  4.6009	  4.113755	  1.356140
 3.0412	  4.6244	  4.080985	  1.341908
 3.0489	  4.6480	  4.048478	  1.327835
 3.0567	  4.6717	  4.016233	  1.313919
 3.0644	  4.6954	  3.984247	  1.300158
 3.0722	  4.7192	  3.952518	  1.286551
 3.0799	  4.7430	  3.921044	  1.273094
 3.0877	  4.7669	  3.889823	  1.259787
 3.0954	  4.7908	  3.858852	  1.246628
 3.1032	  4.8149	  3.828131	  1.233615
 3.1109	  4.8389	  3.797656	  1.220746
 3.1187	  4.8631	  3.767426	  1.208020
 3.1264	  4.8873	  3.737438	  1.195434
 3.1342	  4.9115	  3.707692	  1.182987
 3.1419	  4.9358	  3.678184	  1.170678
 3.1497	  4.9602	  3.648914	  1.158505
 3.1574	  4.9847	  3.619878	  1.146466
 3.1652	  5.0092	  3.591076	  1.134560
 3.1729	  5.0337	  3.562505	  1.122785
 3.1807	  5.0583	  3.534163	  1.111140
 3.1884	  5.0830	  3.506049	  1.099622
 3.1962	  5.1077	  3.478160	  1.088231
 3.2039	  5.1325	  3.450496	  1.076965
 3.2117	  5.1574	  3.423053	  1.065823
 3.2194	  5.1823	  3.395831	  1.054803
 3.2271	  5.2072	  3.368828	  1.043904
 3.2349	  5.2323	  3.342041	  1.033123
 3.2426	  5.2573	  3.315470	  1.022461
 3.2504	  5.2825	  3.289112	  1.011916
 3.2581	  5.3077	  3.262965	  1.001485
 3.2659	  5.3330	  3.237029	  0.991169
 3.2736	  5.3583	  3.211301	  0.980965
 3.2814	  5.3837	  3.185779	  0.970872
 3.2891	  5.4091	  3.160463	  0.960889
 3.2968	  5.4346	  3.135349	  0.951015
 3.3046	  5.4602	  3.110438	  0.941248
 3.3123	  5.4858	  3.085726	  0.931587
 3.3201	  5.5115	  3.061213	  0.922031
 3.3278	  5.5372	  3.036897	  0.912579
 3.3356	  5.5630	  3.012776	  0.903229
 3.3433	  5.5888	  2.988848	  0.893981
 3.3510	  5.6147	  2.965112	  0.884833
 3.3588	  5.6407	  2.941567	  0.875783
 3.3665	  5.6667	  2.918211	  0.866832
 3.3743	  5.6928	  2.895042	  0.857977
 3.3820	  5.7190	  2.872058	  0.849217
 3.3897	  5.7452	  2.849259	  0.840552
 3.3975	  5.7715	  2.826642	  0.831981
 3.4052	  5.7978	  2.804206	  0.823501
 3.4130	  5.8242	  2.781950	  0.815113
 3.4207	  5.8506	  2.759872	  0.806815
 3.4284	  5.8771	  2.737970	  0.798606
 3.4362	  5.9037	  2.716244	  0.790485
 3.4439	  5.9303	  2.694691	  0.782450
 3.4516	  5.9569	  2.673310	  0.774502
 3.4594	  5.9837	  2.652100	  0.766639
 3.4671	  6.0105	  2.631059	  0.758860
 3.4749	  6.0373	  2.610186	  0.751163
 3.4826	  6.0642	  2.589479	  0.743549
 3.4903	  6.0912	  2.568938	  0.736016
 3.4981	  6.1182	  2.548560	  0.728564
 3.5058	  6.1453	  2.528345	  0.721190
 3.5135	  6.1724	  2.508291	  0.713895
 3.5213	  6.1996	  2.488396	  0.706677
 3.5290	  6.2269	  2.468661	  0.699537
 3.5367	  6.2542	  2.449082	  0.692471
 3.5445	  6.2816	  2.429660	  0.685481
 3.5522	  6.3090	  2.410393	  0.678565
 3.5599	  6.3365	  2.391279	  0.671723
 3.5677	  6.3641	  2.372318	  0.664952
 3.5754	  6.3917	  2.353509	  0.658254
 3.5831	  6.4193	  2.334849	  0.651626
 3.5908	  6.4471	  2.316339	  0.645069
 3.5986	  6.4749	  2.297977	  0.638581
 3.6063	  6.5027	  2.279762	  0.632161
 3.6140	  6.5306	  2.261694	  0.625810
 3.6218	  6.5586	  2.243770	  0.619526
 3.6295	  6.5866	  2.225990	  0.613308
 3.6372	  6.6146	  2.208353	  0.607156
 3.6449	  6.6428	  2.190858	  0.601069
 3.6527	  6.6710	  2.173504	  0.595047
 3.6604	  6.6992	  2.156289	  0.589088
 3.6681	  6.7275	  2.139214	  0.583193
 3.6758	  6.7559	  2.122277	  0.577359
 3.6836	  6.7843	  2.105476	  0.571588
 3.6913	  6.8128	  2.088812	  0.565878
 3.6990	  6.8413	  2.072282	  0.560227
 3.7067	  6.8699	  2.055887	  0.554637
 3.7144	  6.8986	  2.039624	  0.549106
 3.7222	  6.9273	  2.023493	  0.543633
 3.7299	  6.9560	  2.007494	  0.538218
 3.7376	  6.9848	  1.991624	  0.532861
 3.7453	  7.0137	  1.975882	  0.527560
 3.7530	  7.0427	  1.960269	  0.522315
 3.7608	  7.0717	  1.944782	  0.517125
 3.7685	  7.1007	  1.929421	  0.511989
 3.7762	  7.1298	  1.914184	  0.506908
 3.7839	  7.1590	  1.899070	  0.501880
 3.7916	  7.1882	  1.884079	  0.496905
 3.7993	  7.2175	  1.869209	  0.491983
 3.8071	  7.2468	  1.854459	  0.487111
 3.8148	  7.2762	  1.839827	  0.482291
 3.8225	  7.3057	  1.825313	  0.477521
 3.8302	  7.3352	  1.810916	  0.472801
 3.8379	  7.3647	  1.796633	  0.468129
 3.8456	  7.3944	  1.782465	  0.463506
 3.8533	  7.4240	  1.768409	  0.458932
 3.8610	  7.4538	  1.754466	  0.454404
 3.8687	  7.4836	  1.740632	  0.449923
 3.8764	  7.5134	  1.726908	  0.445488
 3.8841	  7.5433	  1.713293	  0.441099
 3.8919	  7.5733	  1.699784	  0.436754
 3.8996	  7.6033	  1.686380	  0.432454
 3.9073	  7.6333	  1.673082	  0.428198
 3.9150	  7.6635	  1.659887	  0.423985
 3.9227	  7.6937	  1.646794	  0.419815
 3.9304	  7.7239	  1.633803	  0.415687
 3.9381	  7.7542	  1.620912	  0.411601
 3.9458	  7.7845	  1.608120	  0.407556
 3.9535	  7.8150	  1.595427	  0.403551
 3.9612	  7.8454	  1.582830	  0.399587
 3.9689	  7.8759	  1.570331	  0.395663
 3.9766	  7.9065	  1.557926	  0.391777
 3.9843	  7.9372	  1.545616	  0.387931
 3.9920	  7.9678	  1.533400	  0.384123
 3.9996	  7.9986	  1.521277	  0.380353
 4.0073	  8.0294	  1.509246	  0.376620
 4.0150	  8.0603	  1.497306	  0.372925
 4.0227	  8.0912	  1.485457	  0.369266
 4.0304	  8.1222	  1.473698	  0.365643
 4.0381	  8.1532	  1.462029	  0.362057
 4.0458	  8.1843	  1.450449	  0.358507
 4.0535	  8.2154	  1.438957	  0.354991
 4.0612	  8.2466	  1.427553	  0.351511
 4.0689	  8.2779	  1.416237	  0.348065
 4.0766	  8.3092	  1.405008	  0.344654
 4.0843	  8.3406	  1.393866	  0.341277
 4.0920	  8.3720	  1.382810	  0.337934
 4.0996	  8.4035	  1.371840	  0.334624
 4.1073	  8.4351	  1.360956	  0.331348
 4.1150	  8.4667	  1.350157	  0.328105
 4.1227	  8.4984	  1.339444	  0.324894
 4.1304	  8.5301	  1.328816	  0.321717
 4.1381	  8.5619	  1.318272	  0.318571
 4.1458	  8.5937	  1.307814	  0.315458
 4.1535	  8.6256	  1.297439	  0.312376
 4.1611	  8.6575	  1.287149	  0.309326
 4.1688	  8.6896	  1.276943	  0.306308
 4.1765	  8.7216	  1.266821	  0.303321
 4.1842	  8.7537	  1.256783	  0.300364
 4.1919	  8.7859	  1.246828	  0.297439
 4.1996	  8.8182	  1.236956	  0.294544
 4.2072	  8.8505	  1.227168	  0.291680
 4.2149	  8.8828	  1.217463	  0.288846
 4.2226	  8.9152	  1.207840	  0.286041
 4.2303	  8.9477	  1.198300	  0.283267
 4.2380	  8.9802	  1.188842	  0.280521
 4.2457	  9.0128	  1.179466	  0.277806
 4.2533	  9.0454	  1.170171	  0.275119
 4.2610	  9.0781	  1.160958	  0.272461
 4.2687	  9.1108	  1.151825	  0.269831
 4.2764	  9.1436	  1.142773	  0.267230
 4.2840	  9.1765	  1.133801	  0.264657
 4.2917	  9.2094	  1.124908	  0.262112
 4.2994	  9.2424	  1.116094	  0.259594
 4.3071	  9.2754	  1.107359	  0.257103
 4.3147	  9.3084	  1.098701	  0.254640
 4.3224	  9.3416	  1.090121	  0.252203
 4.3301	  9.3747	  1.081617	  0.249792
 4.3377	  9.4080	  1.073189	  0.247408
 4.3454	  9.4412	  1.064837	  0.245049
 4.3531	  9.4746	  1.056558	  0.242716
 4.3607	  9.5080	  1.048353	  0.240408
 4.3684	  9.5414	  1.040221	  0.238125
 4.3760	  9.5749	  1.032161	  0.235866
 4.3837	  9.6084	  1.024171	  0.233632
 4.3914	  9.6420	  1.016252	  0.231421
 4.3990	  9.6756	  1.008401	  0.229234
 4.4067	  9.7093	  1.000619	  0.227070
 4.4143	  9.7430	  0.992904	  0.224929
 4.4220	  9.7768	  0.985255	  0.222810
 4.4296	  9.8107	  0.977671	  0.220713
 4.4372	  9.8445	  0.970151	  0.218638
 4.4449	  9.8785	  0.962693	  0.216585
 4.4525	  9.9124	  0.955298	  0.214552
 4.4601	  9.9465	  0.947963	  0.212541
 4.4678	  9.9805	  0.940688	  0.210549
 4.4754	 10.0147	  0.933471	  0.208578
 4.4830	 10.0488	  0.926312	  0.206626
 4.4907	 10.0830	  0.919209	  0.204693
 4.4983	 10.1173	  0.912161	  0.202779
 4.5059	 10.1516	  0.905167	  0.200884
 4.5135	 10.1860	  0.898226	  0.199007
 4.5211	 10.2204	  0.891337	  0.197149
 4.5288	 10.2548	  0.884499	  0.195307
 4.5364	 10.2893	  0.877710	  0.193483
 4.5440	 10.3239	  0.870970	  0.191676
 4.5516	 10.3585	  0.864279	  0.189885
 4.5592	 10.3931	  0.857633	  0.188111
 4.5668	 10.4278	  0.851034	  0.186353
 4.5744	 10.4625	  0.844480	  0.184610
 4.5820	 10.4973	  0.837969	  0.182883
 4.5896	 10.5321	  0.831502	  0.181172
 4.5972	 10.5670	  0.825077	  0.179475
 4.6048	 10.6019	  0.818694	  0.177793
 4.6124	 10.6369	  0.812352	  0.176125
 4.6199	 10.6719	  0.806049	  0.174472
 4.6275	 10.7070	  0.799786	  0.172832
 4.6351	 10.7421	  0.793562	  0.171207
 4.6427	 10.7773	  0.787376	  0.169595
 4.6503	 10.8126	  0.781228	  0.167996
 4.6579	 10.8478	  0.775117	  0.166410
 4.6654	 10.8832	  0.769042	  0.164838
 4.6730	 10.9185	  0.763004	  0.163279
 4.6806	 10.9540	  0.757002	  0.161732
 4.6882	 10.9895	  0.751036	  0.160198
 4.6957	 11.0250	  0.745104	  0.158676
 4.7033	 11.0606	  0.739208	  0.157167
 4.7109	 11.0963	  0.733347	  0.155670
 4.7185	 11.1320	  0.727520	  0.154186
 4.7260	 11.1678	  0.721728	  0.152713
 4.7336	 11.2036	  0.715970	  0.151252
 4.7412	 11.2395	  0.710246	  0.149803
 4.7488	 11.2754	  0.704557	  0.148366
 4.7563	 11.3114	  0.698903	  0.146941
 4.7639	 11.3474	  0.693283	  0.145528
 4.7715	 11.3836	  0.687697	  0.144126
 4.7791	 11.4197	  0.682146	  0.142736
 4.7866	 11.4560	  0.676630	  0.141358
 4.7942	 11.4923	  0.671148	  0.139991
 4.8018	 11.5286	  0.665702	  0.138636
 4.8094	 11.5651	  0.660291	  0.137292
 4.8170	 11.6015	  0.654915	  0.135960
 4.8245	 11.6381	  0.649576	  0.134640
 4.8321	 11.6747	  0.644272	  0.133331
 4.8397	 11.7114	  0.639004	  0.132034
 4.8473	 11.7481	  0.633774	  0.130748
 4.8549	 11.7849	  0.628580	  0.129474
 4.8625	 11.8218	  0.623423	  0.128211
 4.8701	 11.8588	  0.618303	  0.126960
 4.8777	 11.8958	  0.613222	  0.125721
 4.8852	 11.9328	  0.608178	  0.124493
 4.8928	 11.9700	  0.603173	  0.123277
 4.9004	 12.0072	  0.598206	  0.122072
 4.9080	 12.0445	  0.593279	  0.120879
 4.9156	 12.0818	  0.588391	  0.119698
 4.9233	 12.1192	  0.583542	  0.118528
 4.9309	 12.1567	  0.578734	  0.117370
 4.9385	 12.1942	  0.573965	  0.116223
 4.9461	 12.2318	  0.569237	  0.115089
 4.9537	 12.2695	  0.564549	  0.113966
 4.9613	 12.3073	  0.559903	  0.112854
 4.9689	 12.3451	  0.555297	  0.111754
 4.9765	 12.3829	  0.550733	  0.110666
 4.9842	 12.4209	  0.546211	  0.109589
 4.9918	 12.4589	  0.541730	  0.108525
 4.9994	 12.4970	  0.537291	  0.107471
 5.0070	 12.5351	  0.532894	  0.106429
 5.0146	 12.5733	  0.528539	  0.105399
 5.0223	 12.6116	  0.524227	  0.104380
 5.0299	 12.6500	  0.519956	  0.103373
 5.0375	 12.6884	  0.515729	  0.102377
 5.0452	 12.7268	  0.511543	  0.101393
 5.0528	 12.7654	  0.507400	  0.100420
 5.0604	 12.8040	  0.503299	  0.099458
 5.0681	 12.8426	  0.499241	  0.098507
 5.0757	 12.8813	  0.495225	  0.097568
 5.0833	 12.9201	  0.491252	  0.096640
 5.0910	 12.9590	  0.487320	  0.095723
 5.0986	 12.9978	  0.483431	  0.094816
 5.1062	 13.0368	  0.479583	  0.093921
 5.1139	 13.0758	  0.475778	  0.093037
 5.1215	 13.1149	  0.472014	  0.092163
 5.1291	 13.1540	  0.468291	  0.091300
 5.1368	 13.1932	  0.464609	  0.090448
 5.1444	 13.2324	  0.460969	  0.089606
 5.1520	 13.2717	  0.457369	  0.088775
 5.1597	 13.3110	  0.453810	  0.087954
 5.1673	 13.3504	  0.450290	  0.087143
 5.1749	 13.3898	  0.446811	  0.086342
 5.1825	 13.4293	  0.443371	  0.085551
 5.1901	 13.4688	  0.439970	  0.084770
 5.1978	 13.5084	  0.436608	  0.083999
 5.2054	 13.5480	  0.433284	  0.083238
 5.2130	 13.5877	  0.429998	  0.082486
 5.2206	 13.6273	  0.426750	  0.081743
 5.2282	 13.6671	  0.423539	  0.081010
 5.2358	 13.7069	  0.420364	  0.080286
 5.2434	 13.7467	  0.417226	  0.079572
 5.2510	 13.7865	  0.414124	  0.078866
 5.2586	 13.8264	  0.411057	  0.078169
 5.2662	 13.8663	  0.408024	  0.077480
 5.2738	 13.9063	  0.405026	  0.076800
 5.2813	 13.9462	  0.402062	  0.076129
 5.2889	 13.9863	  0.399131	  0.075466
 5.2965	 14.0263	  0.396233	  0.074811
 5.3040	 14.0664	  0.393367	  0.074164
 5.3116	 14.1064	  0.390533	  0.073525
 5.3191	 14.1466	  0.387730	  0.072894
 5.3267	 14.1867	  0.384957	  0.072270
 5.3342	 14.2269	  0.382215	  0.071654
 5.3417	 14.2671	  0.379502	  0.071045
 5.3493	 14.3073	  0.376818	  0.070443
 5.3568	 14.3475	  0.374162	  0.069848
 5.3643	 14.3877	  0.371534	  0.069261
 5.3718	 14.4280	  0.368933	  0.068680
 5.3793	 14.4683	  0.366358	  0.068106
 5.3868	 14.5085	  0.363810	  0.067538
 5.3942	 14.5489	  0.361287	  0.066977
 5.4017	 14.5892	  0.358789	  0.066421
 5.4092	 14.6295	  0.356315	  0.065873
 5.4166	 14.6698	  0.353865	  0.065330
 5.4241	 14.7102	  0.351437	  0.064792
 5.4315	 14.7505	  0.349033	  0.064261
 5.4389	 14.7909	  0.346650	  0.063735
 5.4463	 14.8313	  0.344289	  0.063215
 5.4537	 14.8717	  0.341948	  0.062700
 5.4611	 14.9121	  0.339628	  0.062190
 5.4685	 14.9525	  0.337328	  0.061685
 5.4759	 14.9928	  0.335046	  0.061185
 5.4833	 15.0333	  0.332783	  0.060690
 5.4907	 15.0737	  0.330539	  0.060200
 5.4980	 15.1141	  0.328312	  0.059715
 5.5054	 15.1545	  0.326102	  0.059234
 5.5127	 15.1949	  0.323908	  0.058757
 5.5200	 15.2353	  0.321731	  0.058284
 5.5273	 15.2757	  0.319569	  0.057816
 5.5346	 15.3162	  0.317422	  0.057352
 5.5419	 15.3566	  0.315289	  0.056891
 5.5492	 15.3970	  0.313171	  0.056435
 5.5565	 15.4374	  0.311066	  0.055982
 5.5638	 15.4779	  0.308975	  0.055533
 5.5711	 15.5183	  0.306896	  0.055088
 5.5783	 15.5587	  0.304830	  0.054646
 5.5855	 15.5992	  0.302775	  0.054207
 5.5928	 15.6396	  0.300732	  0.053771
 5.6000	 15.6801	  0.298700	  0.053339
 5.6072	 15.7205	  0.296679	  0.052910
 5.6144	 15.7609	  0.294669	  0.052484
 5.6216	 15.8014	  0.292668	  0.052061
 5.6288	 15.8418	  0.290677	  0.051641
 5.6360	 15.8823	  0.288696	  0.051223
 5.6432	 15.9228	  0.286723	  0.050809
 5.6503	 15.9632	  0.284760	  0.050397
 5.6575	 16.0037	  0.282805	  0.049988
 5.6647	 16.0442	  0.280858	  0.049581
 5.6718	 16.0846	  0.278919	  0.049176
 5.6789	 16.1251	  0.276988	  0.048775
 5.6861	 16.1656	  0.275064	  0.048375
 5.6932	 16.2061	  0.273148	  0.047978
 5.7003	 16.2466	  0.271239	  0.047583
 5.7074	 16.2872	  0.269337	  0.047191
 5.7145	 16.3277	  0.267441	  0.046800
 5.7216	 16.3683	  0.265552	  0.046412
 5.7287	 16.4088	  0.263669	  0.046026
 5.7357	 16.4494	  0.261793	  0.045642
 5.7428	 16.4900	  0.259923	  0.045261
 5.7499	 16.5306	  0.258059	  0.044881
 5.7569	 16.5712	  0.256201	  0.044503
 5.7640	 16.6119	  0.254348	  0.044127
 5.7711	 16.6525	  0.252502	  0.043753
 5.7781	 16.6932	  0.250661	  0.043381
 5.7851	 16.7339	  0.248826	  0.043011
 5.7922	 16.7746	  0.246997	  0.042643
 5.7992	 16.8154	  0.245173	  0.042277
 5.8062	 16.8562	  0.243354	  0.041913
 5.8133	 16.8970	  0.241542	  0.041550
 5.8203	 16.9378	  0.239735	  0.041190
 5.8273	 16.9787	  0.237933	  0.040831
 5.8343	 17.0196	  0.236137	  0.040474
 5.8413	 17.0605	  0.234347	  0.040119
 5.8483	 17.1014	  0.232562	  0.039766
 5.8553	 17.1424	  0.230784	  0.039414
 5.8623	 17.1834	  0.229010	  0.039065
 5.8693	 17.2245	  0.227243	  0.038717
 5.8763	 17.2656	  0.225482	  0.038371
 5.8833	 17.3068	  0.223726	  0.038027
 5.8903	 17.3479	  0.221977	  0.037685
 5.8973	 17.3892	  0.220234	  0.037345
 5.9043	 17.4304	  0.218497	  0.037006
 5.9113	 17.4718	  0.216766	  0.036670
 5.9183	 17.5131	  0.215042	  0.036335
 5.9253	 17.5545	  0.213324	  0.036002
 5.9323	 17.5960	  0.211613	  0.035671
 5.9393	 17.6375	  0.209909	  0.035342
 5.9463	 17.6791	  0.208211	  0.035015
 5.9533	 17.7207	  0.206520	  0.034690
 5.9603	 17.7624	  0.204837	  0.034367
 5.9673	 17.8041	  0.203161	  0.034046
 5.9743	 17.8459	  0.201492	  0.033727
 5.9813	 17.8877	  0.199830	  0.033409
 5.9883	 17.9297	  0.198176	  0.033094
 5.9953	 17.9716	  0.196530	  0.032781
 6.0023	 18.0137	  0.194891	  0.032470
 6.0093	 18.0558	  0.193261	  0.032160
 6.0163	 18.0979	  0.191638	  0.031853
 6.0233	 18.1402	  0.190024	  0.031548
 6.0303	 18.1825	  0.188418	  0.031245
 6.0374	 18.2248	  0.186820	  0.030944
 6.0444	 18.2673	  0.185231	  0.030645
 6.0514	 18.3098	  0.183651	  0.030348
 6.0584	 18.3524	  0.182079	  0.030054
 6.0655	 18.3950	  0.180516	  0.029761
 6.0725	 18.4378	  0.178962	  0.029471
 6.0796	 18.4806	  0.177418	  0.029183
 6.0866	 18.5235	  0.175882	  0.028896
 6.0937	 18.5665	  0.174356	  0.028613
 6.1007	 18.6095	  0.172839	  0.028331
 6.1078	 18.6527	  0.171332	  0.028051
 6.1149	 18.6959	  0.169834	  0.027774
 6.1220	 18.7392	  0.168346	  0.027499
 6.1290	 18.7826	  0.166868	  0.027226
 6.1361	 18.8260	  0.165400	  0.026955
 6.1432	 18.8696	  0.163941	  0.026687
 6.1503	 18.9132	  0.162493	  0.026420
 6.1574	 18.9570	  0.161055	  0.026156
 6.1645	 19.0008	  0.159627	  0.025894
 6.1717	 19.0447	  0.158209	  0.025635
 6.1788	 19.0887	  0.156801	  0.025377
 6.1859	 19.1328	  0.155404	  0.025122
 6.1931	 19.1770	  0.154017	  0.024869
 6.2002	 19.2213	  0.152641	  0.024619
 6.2074	 19.2657	  0.151275	  0.024370
 6.2145	 19.3101	  0.149920	  0.024124
 6.2217	 19.3547	  0.148575	  0.023880
 6.2289	 19.3994	  0.147241	  0.023639
 6.2360	 19.4441	  0.145918	  0.023399
 6.2432	 19.4890	  0.144605	  0.023162
 6.2504	 19.5339	  0.143303	  0.022927
 6.2576	 19.5790	  0.142012	  0.022694
 6.2648	 19.6241	  0.140731	  0.022464
 6.2721	 19.6694	  0.139461	  0.022235
 6.2793	 19.7147	  0.138202	  0.022009
 6.2865	 19.7602	  0.136954	  0.021785
 6.2938	 19.8057	  0.135717	  0.021564
 6.3010	 19.8514	  0.134490	  0.021344
 6.3083	 19.8971	  0.133274	  0.021127
 6.3155	 19.9430	  0.132069	  0.020912
 6.3228	 19.9889	  0.130875	  0.020699
 6.3301	 20.0350	  0.129691	  0.020488
 6.3374	 20.0812	  0.128518	  0.020279
 6.3447	 20.1274	  0.127356	  0.020073
 6.3520	 20.1738	  0.126205	  0.019869
 6.3593	 20.2203	  0.125064	  0.019666
 6.3666	 20.2668	  0.123934	  0.019466
 6.3739	 20.3135	  0.122814	  0.019268
 6.3813	 20.3603	  0.121705	  0.019072
 6.3886	 20.4072	  0.120607	  0.018878
 6.3960	 20.4541	  0.119519	  0.018687
 6.4033	 20.5012	  0.118442	  0.018497
 6.4107	 20.5484	  0.117375	  0.018309
 6.4181	 20.5957	  0.116318	  0.018124
 6.4254	 20.6431	  0.115272	  0.017940
 6.4328	 20.6906	  0.114236	  0.017758
 6.4402	 20.7382	  0.113210	  0.017579
 6.4476	 20.7859	  0.112195	  0.017401
 6.4550	 20.8337	  0.111190	  0.017225
 6.4624	 20.8816	  0.110195	  0.017052
 6.4699	 20.9296	  0.109209	  0.016880
 6.4773	 20.9777	  0.108234	  0.016710
 6.4847	 21.0259	  0.107269	  0.016542
 6.4922	 21.0743	  0.106314	  0.016376
 6.4996	 21.1227	  0.105368	  0.016211
 6.5071	 21.1712	  0.104432	  0.016049
 6.5146	 21.2198	  0.103506	  0.015888
 6.5220	 21.2685	  0.102590	  0.015730
 6.5295	 21.3173	  0.101683	  0.015573
 6.5370	 21.3662	  0.100785	  0.015418
 6.5445	 21.4152	  0.099897	  0.015264
 6.5520	 21.4643	  0.099018	  0.015113
 6.5595	 21.5135	  0.098149	  0.014963
 6.5670	 21.5628	  0.097289	  0.014815
 6.5745	 21.6122	  0.096438	  0.014668
 6.5820	 21.6617	  0.095596	  0.014524
 6.5896	 21.7112	  0.094763	  0.014381
 6.5971	 21.7609	  0.093939	  0.014239
 6.6046	 21.8107	  0.093124	  0.014100
 6.6122	 21.8605	  0.092317	  0.013962
 6.6197	 21.9104	  0.091520	  0.013825
 6.6273	 21.9605	  0.090731	  0.013690
 6.6348	 22.0106	  0.089950	  0.013557
 6.6424	 22.0608	  0.089178	  0.013426
 6.6500	 22.1111	  0.088415	  0.013295
 6.6575	 22.1615	  0.087660	  0.013167
 6.6651	 22.2119	  0.086913	  0.013040
 6.6727	 22.2625	  0.086174	  0.012914
 6.6803	 22.3131	  0.085443	  0.012790
 6.6879	 22.3638	  0.084721	  0.012668
 6.6955	 22.4146	  0.084006	  0.012547
 6.7031	 22.4655	  0.083300	  0.012427
 6.7107	 22.5165	  0.082601	  0.012309
 6.7183	 22.5675	  0.081910	  0.012192
 6.7259	 22.6186	  0.081226	  0.012077
 6.7335	 22.6698	  0.080551	  0.011963
 6.7411	 22.7210	  0.079882	  0.011850
 6.7487	 22.7724	  0.079222	  0.011739
 6.7563	 22.8238	  0.078568	  0.011629
 6.7639	 22.8753	  0.077922	  0.011520
 6.7715	 22.9268	  0.077283	  0.011413
 6.7791	 22.9784	  0.076652	  0.011307
 6.7868	 23.0301	  0.076027	  0.011202
 6.7944	 23.0819	  0.075410	  0.011099
 6.8020	 23.1337	  0.074799	  0.010997
 6.8096	 23.1855	  0.074195	  0.010896
 6.8173	 23.2375	  0.073598	  0.010796
 6.8249	 23.2895	  0.073008	  0.010697
 6.8325	 23.3415	  0.072425	  0.010600
 6.8401	 23.3936	  0.071848	  0.010504
 6.8477	 23.4458	  0.071278	  0.010409
 6.8554	 23.4980	  0.070714	  0.010315
 6.8630	 23.5503	  0.070156	  0.010222
 6.8706	 23.6027	  0.069605	  0.010131
 6.8782	 23.6550	  0.069060	  0.010040
 6.8859	 23.7075	  0.068522	  0.009951
 6.8935	 23.7600	  0.067989	  0.009863
 6.9011	 23.8125	  0.067463	  0.009776
 6.9087	 23.8651	  0.066942	  0.009690
 6.9163	 23.9177	  0.066428	  0.009605
 6.9239	 23.9703	  0.065919	  0.009520
 6.9315	 24.0230	  0.065416	  0.009437
 6.9391	 24.0757	  0.064919	  0.009356
 6.9467	 24.1285	  0.064428	  0.009275
 6.9543	 24.1813	  0.063942	  0.009195
 6.9619	 24.2342	  0.063462	  0.009116
 6.9695	 24.2870	  0.062987	  0.009037
 6.9771	 24.3399	  0.062517	  0.008960
 6.9847	 24.3928	  0.062053	  0.008884
 6.9923	 24.4458	  0.061595	  0.008809
 6.9998	 24.4988	  0.061141	  0.008735
 7.0074	 24.5518	  0.060693	  0.008661
 7.0150	 24.6048	  0.060250	  0.008589
 7.0225	 24.6578	  0.059812	  0.008517
 7.0301	 24.7109	  0.059379	  0.008446
 7.0376	 24.7640	  0.058951	  0.008377
 7.0452	 24.8171	  0.058528	  0.008308
 7.0527	 24.8702	  0.058110	  0.008239
 7.0602	 24.9233	  0.057696	  0.008172
 7.0677	 24.9764	  0.057288	  0.008106
 7.0752	 25.0296	  0.056884	  0.008040
 7.0828	 25.0827	  0.056484	  0.007975
 7.0903	 25.1358	  0.056089	  0.007911
 7.0977	 25.1890	  0.055699	  0.007847
 7.1052	 25.2421	  0.055313	  0.007785
 7.1127	 25.2953	  0.054932	  0.007723
 7.1202	 25.3484	  0.054555	  0.007662
 7.1276	 25.4015	  0.054182	  0.007602
 7.1351	 25.4547	  0.053814	  0.007542
 7.1425	 25.5078	  0.053450	  0.007483
 7.1500	 25.5609	  0.053090	  0.007425
 7.1574	 25.6140	  0.052734	  0.007368
 7.1648	 25.6671	  0.052382	  0.007311
 7.1722	 25.7201	  0.052034	  0.007255
 7.1796	 25.7732	  0.051690	  0.007200
 7.1870	 25.8262	  0.051351	  0.007145
 7.1943	 25.8792	  0.051015	  0.007091
 7.2017	 25.9322	  0.050683	  0.007038
 7.2090	 25.9852	  0.050354	  0.006985
 7.2164	 26.0381	  0.050030	  0.006933
 7.2237	 26.0910	  0.049709	  0.006881
 7.2310	 26.1439	  0.049392	  0.006831
 7.2383	 26.1967	  0.049078	  0.006780
 7.2456	 26.2495	  0.048769	  0.006731
 7.2529	 26.3023	  0.048462	  0.006682
 7.2602	 26.3550	  0.048159	  0.006633
 7.2674	 26.4077	  0.047860	  0.006586
 7.2747	 26.4603	  0.047564	  0.006538
 7.2819	 26.5129	  0.047271	  0.006492
 7.2891	 26.5655	  0.046982	  0.006446
 7.2963	 26.6180	  0.046696	  0.006400
 7.3035	 26.6704	  0.046414	  0.006355
 7.3107	 26.7228	  0.046134	  0.006311
 7.3178	 26.7752	  0.045858	  0.006267
 7.3250	 26.8275	  0.045585	  0.006223
 7.3321	 26.8797	  0.045315	  0.006180
 7.3392	 26.9319	  0.045048	  0.006138
 7.3463	 26.9840	  0.044784	  0.006096
 7.3534	 27.0361	  0.044523	  0.006055
 7.3604	 27.0881	  0.044265	  0.006014
 7.3675	 27.1400	  0.044010	  0.005974
 7.3745	 27.1919	  0.043758	  0.005934
 7.3816	 27.2437	  0.043509	  0.005894
 7.3886	 27.2954	  0.043262	  0.005855
 7.3955	 27.3471	  0.043019	  0.005817
 7.4025	 27.3986	  0.042778	  0.005779
 7.4095	 27.4501	  0.042540	  0.005741
 7.4164	 27.5016	  0.042305	  0.005704
 7.4233	 27.5529	  0.042072	  0.005668
 7.4302	 27.6042	  0.041842	  0.005631
 7.4371	 27.6553	  0.041614	  0.005595
 7.4440	 27.7064	  0.041389	  0.005560
 7.4508	 27.7574	  0.041167	  0.005525
 7.4577	 27.8084	  0.040947	  0.005491
 7.4645	 27.8592	  0.040730	  0.005456
 7.4713	 27.9099	  0.040515	  0.005423
 7.4780	 27.9606	  0.040302	  0.005389
 7.4848	 28.0111	  0.040092	  0.005357
 7.4915	 28.0616	  0.039885	  0.005324
 7.4983	 28.1119	  0.039679	  0.005292
 7.5050	 28.1622	  0.039476	  0.005260
 7.5116	 28.2124	  0.039275	  0.005229
 7.5183	 28.2624	  0.039077	  0.005198
 7.5249	 28.3124	  0.038881	  0.005167
 7.5316	 28.3622	  0.038687	  0.005137
 7.5382	 28.4119	  0.038495	  0.005107
 7.5447	 28.4616	  0.038305	  0.005077
 7.5513	 28.5111	  0.038117	  0.005048
 7.5578	 28.5605	  0.037932	  0.005019
 7.5644	 28.6098	  0.037748	  0.004990
 7.5709	 28.6590	  0.037567	  0.004962
 7.5773	 28.7080	  0.037387	  0.004934
 7.5838	 28.7570	  0.037210	  0.004907
 7.5902	 28.8058	  0.037035	  0.004879
 7.5966	 28.8545	  0.036861	  0.004852
 7.6030	 28.9031	  0.036690	  0.004826
 7.6094	 28.9516	  0.036520	  0.004799
 7.6158	 28.9999	  0.036352	  0.004773
 7.6221	 29.0481	  0.036187	  0.004748
 7.6284	 29.0962	  0.036023	  0.004722
 7.6347	 29.1442	  0.035860	  0.004697
 7.6409	 29.1920	  0.035700	  0.004672
 7.6472	 29.2397	  0.035541	  0.004648
 7.6534	 29.2873	  0.035384	  0.004623
 7.6596	 29.3347	  0.035229	  0.004599
 7.6658	 29.3820	  0.035076	  0.004576
 7.6719	 29.4292	  0.034924	  0.004552
 7.6780	 29.4762	  0.034774	  0.004529
 7.6842	 29.5231	  0.034626	  0.004506
 7.6902	 29.5699	  0.034479	  0.004483
 7.6963	 29.6165	  0.034334	  0.004461
 7.7023	 29.6630	  0.034190	  0.004439
 7.7083	 29.7093	  0.034049	  0.004417
 7.7143	 29.7555	  0.033908	  0.004395
 7.7203	 29.8015	  0.033769	  0.004374
 7.7262	 29.8474	  0.033632	  0.004353
 7.7322	 29.8932	  0.033496	  0.004332
 7.7381	 29.9388	  0.033362	  0.004311
 7.7439	 29.9842	  0.033229	  0.004291
 7.7498	 30.0295	  0.033098	  0.004271
 7.7556	 30.0747	  0.032968	  0.004251
 7.7614	 30.1197	  0.032839	  0.004231
 7.7672	 30.1646	  0.032712	  0.004212
 7.7729	 30.2093	  0.032586	  0.004192
 7.7787	 30.2538	  0.032462	  0.004173
 7.7844	 30.2982	  0.032339	  0.004154
 7.7901	 30.3425	  0.032217	  0.004136
 7.7957	 30.3866	  0.032096	  0.004117
 7.8013	 30.4305	  0.031977	  0.004099
 7.8070	 30.4743	  0.031860	  0.004081
 7.8125	 30.5179	  0.031743	  0.004063
 7.8181	 30.5613	  0.031628	  0.004045
 7.8236	 30.6046	  0.031514	  0.004028
 7.8291	 30.6478	  0.031401	  0.004011
 7.8346	 30.6907	  0.031289	  0.003994
 7.8401	 30.7335	  0.031179	  0.003977
 7.8455	 30.7762	  0.031070	  0.003960
 7.8509	 30.8187	  0.030962	  0.003944
 7.8563	 30.8610	  0.030855	  0.003927
 7.8617	 30.9032	  0.030749	  0.003911
 7.8670	 30.9452	  0.030645	  0.003895
 7.8724	 30.9870	  0.030541	  0.003880
 7.8776	 31.0286	  0.030439	  0.003864
 7.8829	 31.0701	  0.030338	  0.003849
 7.8882	 31.1115	  0.030238	  0.003833
 7.8934	 31.1526	  0.030138	  0.003818
 7.8986	 31.1936	  0.030040	  0.003803
 7.9037	 31.2344	  0.029943	  0.003789
 7.9089	 31.2751	  0.029847	  0.003774
 7.9140	 31.3156	  0.029753	  0.003759
 7.9191	 31.3559	  0.029659	  0.003745
 7.9241	 31.3961	  0.029566	  0.003731
 7.9292	 31.4360	  0.029474	  0.003717
 7.9342	 31.4758	  0.029383	  0.003703
 7.9392	 31.5155	  0.029293	  0.003690
 7.9442	 31.5549	  0.029204	  0.003676
 7.9491	 31.5942	  0.029115	  0.003663
 7.9540	 31.6334	  0.029028	  0.003649
 7.9589	 31.6723	  0.028942	  0.003636
 7.9638	 31.7111	  0.028857	  0.003623
 7.9686	 31.7497	  0.028772	  0.003611
 7.9735	 31.7881	  0.028689	  0.003598
 7.9783	 31.8264	  0.028606	  0.003585
 7.9830	 31.8645	  0.028524	  0.003573
 7.9878	 31.9024	  0.028443	  0.003561
 7.9925	 31.9401	  0.028363	  0.003549
 7.9972	 31.9777	  0.028284	  0.003537
 8.0019	 32.0151	  0.028205	  0.003525
 8.0065	 32.0523	  0.028127	  0.003513
 8.0112	 32.0893	  0.028051	  0.003501
 8.0158	 32.1262	  0.027974	  0.003490
 8.0203	 32.1629	  0.027899	  0.003479
 8.0249	 32.1994	  0.027825	  0.003467
 8.0294	 32.2357	  0.027751	  0.003456
 8.0339	 32.2719	  0.027678	  0.003445
 8.0384	 32.3079	  0.027606	  0.003434
 8.0429	 32.3437	  0.027534	  0.003423
 8.0473	 32.3794	  0.027464	  0.003413
 8.0517	 32.4149	  0.027394	  0.003402
 8.0561	 32.4502	  0.027324	  0.003392
 8.0604	 32.4853	  0.027256	  0.003381
 8.0648	 32.5202	  0.027188	  0.003371
 8.0691	 32.5550	  0.027121	  0.003361
 8.0734	 32.5896	  0.027054	  0.003351
 8.0776	 32.6240	  0.026989	  0.003341
 8.0819	 32.6583	  0.026924	  0.003331
 8.0861	 32.6924	  0.026859	  0.003322
 8.0903	 32.7263	  0.026795	  0.003312
 8.0944	 32.7600	  0.026732	  0.003303
 8.0986	 32.7936	  0.026670	  0.003293
 8.1027	 32.8269	  0.026608	  0.003284
 8.1068	 32.8602	  0.026547	  0.003275
 8.1109	 32.8932	  0.026486	  0.003265
 8.1149	 32.9261	  0.026426	  0.003256
 8.1190	 32.9588	  0.026367	  0.003248
 8.1230	 32.9913	  0.026308	  0.003239
 8.1269	 33.0236	  0.026250	  0.003230
 8.1309	 33.0558	  0.026192	  0.003221
 8.1348	 33.0878	  0.026135	  0.003213
 8.1388	 33.1196	  0.026079	  0.003204
 8.1426	 33.1513	  0.026023	  0.003196
 8.1465	 33.1828	  0.025968	  0.003188
 8.1504	 33.2141	  0.025913	  0.003179
 8.1542	 33.2453	  0.025859	  0.003171
 8.1580	 33.2763	  0.025805	  0.003163
 8.1618	 33.3071	  0.025752	  0.003155
 8.1655	 33.3377	  0.025699	  0.003147
 8.1692	 33.3682	  0.025647	  0.003139
 8.1729	 33.3985	  0.025596	  0.003132
 8.1766	 33.4287	  0.025545	  0.003124
 8.1803	 33.4586	  0.025494	  0.003117
 8.1839	 33.4884	  0.025444	  0.003109
 8.1876	 33.5181	  0.025395	  0.003102
 8.1912	 33.5475	  0.025346	  0.003094
 8.1947	 33.5768	  0.025297	  0.003087
 8.1983	 33.6060	  0.025249	  0.003080
 8.2018	 33.6350	  0.025201	  0.003073
 8.2053	 33.6638	  0.025154	  0.003066
 8.2088	 33.6924	  0.025108	  0.003059
 8.2123	 33.7209	  0.025061	  0.003052
 8.2157	 33.7492	  0.025016	  0.003045
 8.2192	 33.7774	  0.024970	  0.003038
 8.2226	 33.8054	  0.024926	  0.003031
 8.2260	 33.8332	  0.024881	  0.003025
 8.2293	 33.8609	  0.024837	  0.003018
 8.2327	 33.8884	  0.024794	  0.003012
 8.2360	 33.9157	  0.024751	  0.003005
 8.2393	 33.9429	  0.024708	  0.002999
 8.2426	 33.9699	  0.024666	  0.002992
 8.2458	 33.9968	  0.024624	  0.002986
 8.2491	 34.0235	  0.024582	  0.002980
 8.2523	 34.0500	  0.024541	  0.002974
 8.2555	 34.0764	  0.024501	  0.002968
 8.2587	 34.1027	  0.024460	  0.002962
 8.2618	 34.1287	  0.024421	  0.002956
 8.2649	 34.1547	  0.024381	  0.002950
 8.2681	 34.1804	  0.024342	  0.002944
 8.2712	 34.2060	  0.024303	  0.002938
 8.2742	 34.2315	  0.024265	  0.002933
 8.2773	 34.2568	  0.024227	  0.002927
 8.2803	 34.2819	  0.024189	  0.002921
 8.2833	 34.3069	  0.024152	  0.002916
 8.2863	 34.3318	  0.024115	  0.002910
 8.2893	 34.3565	  0.024079	  0.002905
 8.2923	 34.3810	  0.024043	  0.002899
 8.2952	 34.4054	  0.024007	  0.002894
 8.2981	 34.4296	  0.023971	  0.002889
 8.3011	 34.4537	  0.023936	  0.002884
 8.3039	 34.4777	  0.023902	  0.002878
 8.3068	 34.5014	  0.023867	  0.002873
 8.3096	 34.5251	  0.023833	  0.002868
 8.3125	 34.5486	  0.023799	  0.002863
 8.3153	 34.5719	  0.023766	  0.002858
 8.3181	 34.5951	  0.023732	  0.002853
 8.3208	 34.6182	  0.023700	  0.002848
 8.3236	 34.6411	  0.023667	  0.002843
 8.3263	 34.6639	  0.023635	  0.002839
 8.3290	 34.6865	  0.023603	  0.002834
 8.3317	 34.7090	  0.023571	  0.002829
 8.3344	 34.7313	  0.023540	  0.002824
 8.3371	 34.7535	  0.023509	  0.002820
 8.3397	 34.7756	  0.023478	  0.002815
 8.3424	 34.7975	  0.023448	  0.002811
 8.3450	 34.8193	  0.023418	  0.002806
 8.3476	 34.8409	  0.023388	  0.002802
 8.3501	 34.8624	  0.023358	  0.002797
 8.3527	 34.8837	  0.023329	  0.002793
 8.3552	 34.9050	  0.023300	  0.002789
 8.3578	 34.9261	  0.023271	  0.002784
 8.3603	 34.9470	  0.023243	  0.002780
 8.3628	 34.9678	  0.023214	  0.002776
 8.3652	 34.9885	  0.023186	  0.002772
 8.3677	 35.0090	  0.023159	  0.002768
 8.3701	 35.0294	  0.023131	  0.002764
 8.3725	 35.0497	  0.023104	  0.002760
 8.3749	 35.0699	  0.023077	  0.002756
 8.3773	 35.0899	  0.023051	  0.002752
 8.3797	 35.1097	  0.023024	  0.002748
 8.3821	 35.1295	  0.022998	  0.002744
 8.3844	 35.1491	  0.022972	  0.002740
 8.3867	 35.1686	  0.022946	  0.002736
 8.3890	 35.1880	  0.022921	  0.002732
 8.3913	 35.2072	  0.022896	  0.002728
 8.3936	 35.2263	  0.022871	  0.002725
 8.3959	 35.2453	  0.022846	  0.002721
 8.3981	 35.2641	  0.022821	  0.002717
 8.4003	 35.2829	  0.022797	  0.002714
 8.4026	 35.3015	  0.022773	  0.002710
 8.4048	 35.3199	  0.022749	  0.002707
 8.4069	 35.3383	  0.022725	  0.002703
 8.4091	 35.3565	  0.022702	  0.002700
 8.4113	 35.3746	  0.022679	  0.002696
 8.4134	 35.3926	  0.022656	  0.002693
 8.4155	 35.4105	  0.022633	  0.002689
 8.4176	 35.4282	  0.022611	  0.002686
 8.4197	 35.4459	  0.022588	  0.002683
 8.4218	 35.4634	  0.022566	  0.002679
 8.4239	 35.4808	  0.022544	  0.002676
 8.4259	 35.4980	  0.022522	  0.002673
 8.4280	 35.5152	  0.022501	  0.002670
 8.4300	 35.5322	  0.022479	  0.002667
 8.4320	 35.5491	  0.022458	  0.002663
 8.4340	 35.5659	  0.022437	  0.002660
 8.4360	 35.5826	  0.022416	  0.002657
 8.4379	 35.5992	  0.022396	  0.002654
 8.4399	 35.6157	  0.022376	  0.002651
 8.4418	 35.6320	  0.022355	  0.002648
 8.4437	 35.6483	  0.022335	  0.002645
 8.4456	 35.6644	  0.022315	  0.002642
 8.4475	 35.6804	  0.022296	  0.002639
 8.4494	 35.6963	  0.022276	  0.002636
 8.4513	 35.7121	  0.022257	  0.002634
 8.4531	 35.7278	  0.022238	  0.002631
 8.4550	 35.7434	  0.022219	  0.002628
 8.4568	 35.7588	  0.022200	  0.002625
 8.4586	 35.7742	  0.022181	  0.002622
 8.4604	 35.7895	  0.022163	  0.002620
 8.4622	 35.8046	  0.022145	  0.002617
 8.4640	 35.8197	  0.022127	  0.002614
 8.4658	 35.8346	  0.022109	  0.002612
 8.4675	 35.8494	  0.022091	  0.002609
 8.4693	 35.8642	  0.022073	  0.002606
 8.4710	 35.8788	  0.022056	  0.002604
 8.4727	 35.8933	  0.022038	  0.002601
 8.4744	 35.9077	  0.022021	  0.002599
 8.4761	 35.9221	  0.022004	  0.002596
 8.4778	 35.9363	  0.021987	  0.002594
 8.4794	 35.9504	  0.021970	  0.002591
 8.4811	 35.9644	  0.021954	  0.002589
 8.4827	 35.9784	  0.021938	  0.002586
 8.4844	 35.9922	  0.021921	  0.002584
 8.4860	 36.0059	  0.021905	  0.002581
 8.4876	 36.0195	  0.021889	  0.002579
 8.4892	 36.0331	  0.021873	  0.002577
 8.4908	 36.0465	  0.021858	  0.002574
 8.4923	 36.0599	  0.021842	  0.002572
 8.4939	 36.0731	  0.021827	  0.002570
 8.4954	 36.0863	  0.021811	  0.002567
 8.4970	 36.0993	  0.021796	  0.002565
 8.4985	 36.1123	  0.021781	  0.002563
 8.5000	 36.1252	  0.021766	  0.002561
 8.5015	 36.1380	  0.021751	  0.002559
 8.5030	 36.1507	  0.021737	  0.002556
 8.5045	 36.1633	  0.021722	  0.002554
 8.5060	 36.1758	  0.021708	  0.002552
 8.5074	 36.1882	  0.021694	  0.002550
 8.5089	 36.2005	  0.021680	  0.002548
 8.5103	 36.2128	  0.021666	  0.002546
 8.5117	 36.2249	  0.021652	  0.002544
 8.5132	 36.2370	  0.021638	  0.002542
 8.5146	 36.2490	  0.021624	  0.002540
 8.5160	 36.2609	  0.021611	  0.002538
 8.5174	 36.2727	  0.021598	  0.002536
 8.5187	 36.2844	  0.021584	  0.002534
 8.5201	 36.2961	  0.021571	  0.002532
 8.5215	 36.3076	  0.021558	  0.002530
 8.5228	 36.3191	  0.021545	  0.002528
 8.5241	 36.3305	  0.021532	  0.002526
 8.5255	 36.3418	  0.021520	  0.002524
 8.5268	 36.3530	  0.021507	  0.002522
 8.5281	 36.3642	  0.021495	  0.002520
 8.5294	 36.3752	  0.021482	  0.002519
 8.5307	 36.3862	  0.021470	  0.002517
 8.5320	 36.3971	  0.021458	  0.002515
 8.5332	 36.4079	  0.021446	  0.002513
 8.5345	 36.4187	  0.021434	  0.002511
 8.5357	 36.4294	  0.021422	  0.002510
 8.5370	 36.4399	  0.021410	  0.002508
 8.5382	 36.4505	  0.021399	  0.002506
 8.5394	 36.4609	  0.021387	  0.002505
 8.5406	 36.4713	  0.021376	  0.002503
 8.5418	 36.4815	  0.021364	  0.002501
 8.5430	 36.4917	  0.021353	  0.002499
 8.5442	 36.5019	  0.021342	  0.002498
 8.5454	 36.5119	  0.021331	  0.002496
 8.5466	 36.5219	  0.021320	  0.002495
 8.5477	 36.5318	  0.021309	  0.002493
 8.5489	 36.5417	  0.021298	  0.002491
 8.5500	 36.5514	  0.021288	  0.002490
 8.5512	 36.5611	  0.021277	  0.002488
 8.5523	 36.5708	  0.021267	  0.002487
 8.5534	 36.5803	  0.021256	  0.002485
 8.5545	 36.5898	  0.021246	  0.002484
 8.5556	 36.5992	  0.021236	  0.002482
 8.5567	 36.6086	  0.021226	  0.002481
 8.5578	 36.6178	  0.021216	  0.002479
 8.5589	 36.6270	  0.021206	  0.002478
 8.5599	 36.6362	  0.021196	  0.002476
 8.5610	 36.6452	  0.021186	  0.002475
 8.5620	 36.6542	  0.021176	  0.002473
 8.5631	 36.6632	  0.021167	  0.002472
 8.5641	 36.6720	  0.021157	  0.002470
 8.5651	 36.6809	  0.021148	  0.002469
 8.5662	 36.6896	  0.021138	  0.002468
 8.5672	 36.6983	  0.021129	  0.002466
 8.5682	 36.7069	  0.021120	  0.002465
 8.5692	 36.7154	  0.021111	  0.002464
 8.5702	 36.7239	  0.021102	  0.002462
 8.5712	 36.7323	  0.021093	  0.002461
 8.5721	 36.7407	  0.021084	  0.002460
 8.5731	 36.7490	  0.021075	  0.002458
 8.5741	 36.7572	  0.021066	  0.002457
 8.5750	 36.7654	  0.021058	  0.002456
 8.5760	 36.7735	  0.021049	  0.002454
 8.5769	 36.7815	  0.021041	  0.002453
 8.5778	 36.7895	  0.021032	  0.002452
 8.5787	 36.7974	  0.021024	  0.002451
 8.5797	 36.8053	  0.021015	  0.002449
 8.5806	 36.8131	  0.021007	  0.002448
 8.5815	 36.8209	  0.020999	  0.002447
 8.5824	 36.8286	  0.020991	  0.002446
 8.5833	 36.8362	  0.020983	  0.002445
 8.5841	 36.8438	  0.020975	  0.002443
 8.5850	 36.8513	  0.020967	  0.002442
 8.5859	 36.8588	  0.020959	  0.002441
 8.5868	 36.8662	  0.020952	  0.002440
 8.5876	 36.8735	  0.020944	  0.002439
 8.5885	 36.8808	  0.020936	  0.002438
 8.5893	 36.8881	  0.020929	  0.002437
 8.5901	 36.8953	  0.020921	  0.002435
 8.5910	 36.9024	  0.020914	  0.002434
 8.5918	 36.9095	  0.020906	  0.002433
 8.5926	 36.9165	  0.020899	  0.002432
 8.5934	 36.9235	  0.020892	  0.002431
 8.5942	 36.9304	  0.020885	  0.002430
 8.5950	 36.9373	  0.020878	  0.002429
 8.5958	 36.9441	  0.020870	  0.002428
 8.5966	 36.9509	  0.020863	  0.002427
 8.5974	 36.9576	  0.020857	  0.002426
 8.5982	 36.9642	  0.020850	  0.002425
 8.5989	 36.9708	  0.020843	  0.002424
 8.5997	 36.9774	  0.020836	  0.002423
 8.6005	 36.9839	  0.020829	  0.002422
 8.6012	 36.9904	  0.020823	  0.002421
 8.6020	 36.9968	  0.020816	  0.002420
 8.6027	 37.0032	  0.020810	  0.002419
 8.6034	 37.0095	  0.020803	  0.002418
 8.6042	 37.0158	  0.020797	  0.002417
 8.6049	 37.0220	  0.020790	  0.002416
 8.6056	 37.0282	  0.020784	  0.002415
 8.6063	 37.0343	  0.020778	  0.002414
 8.6070	 37.0404	  0.020771	  0.002413
 8.6077	 37.0464	  0.020765	  0.002412
 8.6084	 37.0524	  0.020759	  0.002411
 8.6091	 37.0583	  0.020753	  0.002411
 8.6098	 37.0642	  0.020747	  0.002410
 8.6105	 37.0701	  0.020741	  0.002409
 8.6111	 37.0759	  0.020735	  0.002408
 8.6118	 37.0817	  0.020729	  0.002407
 8.6125	 37.0874	  0.020723	  0.002406
 8.6131	 37.0931	  0.020718	  0.002405
 8.6138	 37.0987	  0.020712	  0.002405
 8.6144	 37.1043	  0.020706	  0.002404
 8.6151	 37.1098	  0.020701	  0.002403
 8.6157	 37.1153	  0.020695	  0.002402
 8.6164	 37.1208	  0.020690	  0.002401
 8.6170	 37.1262	  0.020684	  0.002400
 8.6176	 37.1316	  0.020679	  0.002400
 8.6182	 37.1369	  0.020673	  0.002399
 8.6188	 37.1422	  0.020668	  0.002398
 8.6195	 37.1475	  0.020663	  0.002397
 8.6201	 37.1527	  0.020657	  0.002396
 8.6207	 37.1579	  0.020652	  0.002396
 8.6213	 37.1630	  0.020647	  0.002395
 8.6218	 37.1681	  0.020642	  0.002394
 8.6224	 37.1732	  0.020637	  0.002393
 8.6230	 37.1782	  0.020632	  0.002393
 8.6236	 37.1832	  0.020627	  0.002392
 8.6242	 37.1881	  0.020622	  0.002391
 8.6247	 37.1930	  0.020617	  0.002390
 8.6253	 37.1979	  0.020612	  0.002390
 8.6259	 37.2027	  0.020607	  0.002389
 8.6264	 37.2075	  0.020602	  0.002388
 8.6270	 37.2123	  0.020598	  0.002388
 8.6275	 37.2170	  0.020593	  0.002387
 8.6281	 37.2217	  0.020588	  0.002386
 8.6286	 37.2263	  0.020584	  0.002386
 8.6291	 37.2310	  0.020579	  0.002385
 8.6297	 37.2355	  0.020574	  0.002384
 8.6302	 37.2401	  0.020570	  0.002383
 8.6307	 37.2446	  0.020565	  0.002383
 8.6312	 37.2491	  0.020561	  0.002382
 8.6317	 37.2535	  0.020557	  0.002382
 8.6323	 37.2579	  0.020552	  0.002381
 8.6328	 37.2623	  0.020548	  0.002380
 8.6333	 37.2666	  0.020543	  0.002380
 8.6338	 37.2709	  0.020539	  0.002379
 8.6343	 37.2752	  0.020535	  0.002378
 8.6347	 37.2794	  0.020531	  0.002378
 8.6352	 37.2836	  0.020527	  0.002377
 8.6357	 37.2878	  0.020523	  0.002376
 8.6362	 37.2919	  0.020518	  0.002376
 8.6367	 37.2960	  0.020514	  0.002375
 8.6371	 37.3001	  0.020510	  0.002375
 8.6376	 37.3041	  0.020506	  0.002374
 8.6381	 37.3081	  0.020502	  0.002373
 8.6385	 37.3121	  0.020498	  0.002373
 8.6390	 37.3161	  0.020495	  0.002372
 8.6394	 37.3200	  0.020491	  0.002372
 8.6399	 37.3239	  0.020487	  0.002371
 8.6403	 37.3277	  0.020483	  0.002371
 8.6408	 37.3316	  0.020479	  0.002370
 8.6412	 37.3354	  0.020476	  0.002370
 8.6417	 37.3391	  0.020472	  0.002369
 8.6421	 37.3429	  0.020468	  0.002368
 8.6425	 37.3466	  0.020464	  0.002368
 8.6429	 37.3503	  0.020461	  0.002367
 8.6434	 37.3539	  0.020457	  0.002367
 8.6438	 37.3576	  0.020454	  0.002366
 8.6442	 37.3612	  0.020450	  0.002366
 8.6446	 37.3647	  0.020447	  0.002365
 8.6450	 37.3683	  0.020443	  0.002365
 8.6454	 37.3718	  0.020440	  0.002364
 8.6458	 37.3753	  0.020436	  0.002364
 8.6462	 37.3787	  0.020433	  0.002363
 8.6466	 37.3822	  0.020430	  0.002363
 8.6470	 37.3856	  0.020426	  0.002362
 8.6474	 37.3889	  0.020423	  0.002362
 8.6478	 37.3923	  0.020420	  0.002361
 8.6482	 37.3956	  0.020416	  0.002361
 8.6486	 37.3989	  0.020413	  0.002360
 8.6490	 37.4022	  0.020410	  0.002360
 8.6493	 37.4055	  0.020407	  0.002359
 8.6497	 37.4087	  0.020404	  0.002359
 8.6501	 37.4119	  0.020401	  0.002358
 8.6504	 37.4151	  0.020398	  0.002358
 8.6508	 37.4182	  0.020394	  0.002358
 8.6512	 37.4213	  0.020391	  0.002357
 8.6515	 37.4244	  0.020388	  0.002357
 8.6519	 37.4275	  0.020385	  0.002356
 8.6522	 37.4306	  0.020383	  0.002356
 8.6526	 37.4336	  0.020380	  0.002355
 8.6529	 37.4366	  0.020377	  0.002355
 8.6533	 37.4396	  0.020374	  0.002354
 8.6536	 37.4425	  0.020371	  0.002354
 8.6540	 37.4455	  0.020368	  0.002354
 8.6543	 37.4484	  0.020365	  0.002353
 8.6546	 37.4513	  0.020362	  0.002353
 8.6550	 37.4541	  0.020360	  0.002352
 8.6553	 37.4570	  0.020357	  0.002352
 8.6556	 37.4598	  0.020354	  0.002352
 8.6559	 37.4626	  0.020351	  0.002351
 8.6563	 37.4654	  0.020349	  0.002351
 8.6566	 37.4681	  0.020346	  0.002350
 8.6569	 37.4709	  0.020343	  0.002350
 8.6572	 37.4736	  0.020341	  0.002350
 8.6575	 37.4763	  0.020338	  0.002349
 8.6578	 37.4790	  0.020336	  0.002349
 8.6581	 37.4816	  0.020333	  0.002348
 8.6584	 37.4842	  0.020330	  0.002348
 8.6587	 37.4869	  0.020328	  0.002348
 8.6590	 37.4894	  0.020325	  0.002347
 8.6593	 37.4920	  0.020323	  0.002347
 8.6596	 37.4946	  0.020321	  0.002347
 8.6599	 37.4971	  0.020318	  0.002346
 8.6602	 37.4996	  0.020316	  0.002346
 8.6605	 37.5021	  0.020313	  0.002346
 8.6608	 37.5046	  0.020311	  0.002345
 8.6611	 37.5070	  0.020309	  0.002345
 8.6613	 37.5094	  0.020306	  0.002344
 8.6616	 37.5119	  0.020304	  0.002344
 8.6619	 37.5142	  0.020302	  0.002344
 8.6622	 37.5166	  0.020299	  0.002343
 8.6624	 37.5190	  0.020297	  0.002343
 8.6627	 37.5213	  0.020295	  0.002343
 8.6630	 37.5236	  0.020293	  0.002342
 8.6632	 37.5259	  0.020290	  0.002342
 8.6635	 37.5282	  0.020288	  0.002342
 8.6638	 37.5305	  0.020286	  0.002341
 8.6640	 37.5327	  0.020284	  0.002341
 8.6643	 37.5350	  0.020282	  0.002341
 8.6645	 37.5372	  0.020280	  0.002341
 8.6648	 37.5394	  0.020277	  0.002340
 8.6650	 37.5415	  0.020275	  0.002340
 8.6653	 37.5437	  0.020273	  0.002340
 8.6655	 37.5458	  0.020271	  0.002339
 8.6658	 37.5480	  0.020269	  0.002339
 8.6660	 37.5501	  0.020267	  0.002339
 8.6663	 37.5522	  0.020265	  0.002338
 8.6665	 37.5543	  0.020263	  0.002338
 8.6668	 37.5563	  0.020261	  0.002338
 8.6670	 37.5584	  0.020259	  0.002338
 8.6672	 37.5604	  0.020257	  0.002337
 8.6675	 37.5624	  0.020255	  0.002337
 8.6677	 37.5644	  0.020254	  0.002337
 8.6679	 37.5664	  0.020252	  0.002336
 8.6681	 37.5683	  0.020250	  0.002336
 8.6684	 37.5703	  0.020248	  0.002336
 8.6686	 37.5722	  0.020246	  0.002336
 8.6688	 37.5741	  0.020244	  0.002335
 8.6690	 37.5761	  0.020242	  0.002335
 8.6692	 37.5779	  0.020241	  0.002335
 8.6695	 37.5798	  0.020239	  0.002335
 8.6697	 37.5817	  0.020237	  0.002334
 8.6699	 37.5835	  0.020235	  0.002334
 8.6701	 37.5854	  0.020234	  0.002334
 8.6703	 37.5872	  0.020232	  0.002333
 8.6705	 37.5890	  0.020230	  0.002333
 8.6707	 37.5908	  0.020228	  0.002333
 8.6709	 37.5925	  0.020227	  0.002333
 8.6711	 37.5943	  0.020225	  0.002332
 8.6713	 37.5960	  0.020223	  0.002332
 8.6715	 37.5978	  0.020222	  0.002332
 8.6717	 37.5995	  0.020220	  0.002332
 8.6719	 37.6012	  0.020219	  0.002331
 8.6721	 37.6029	  0.020217	  0.002331
 8.6723	 37.6046	  0.020215	  0.002331
 8.6725	 37.6062	  0.020214	  0.002331
 8.6727	 37.6079	  0.020212	  0.002331
 8.6729	 37.6095	  0.020211	  0.002330
 8.6731	 37.6111	  0.020209	  0.002330
 8.6733	 37.6128	  0.020208	  0.002330
 8.6734	 37.6144	  0.020206	  0.002330
 8.6736	 37.6159	  0.020204	  0.002329
 8.6738	 37.6175	  0.020203	  0.002329
 8.6740	 37.6191	  0.020201	  0.002329
 8.6742	 37.6206	  0.020200	  0.002329
 8.6743	 37.6222	  0.020199	  0.002329
 8.6745	 37.6237	  0.020197	  0.002328
 8.6747	 37.6252	  0.020196	  0.002328
 8.6749	 37.6267	  0.020194	  0.002328
 8.6750	 37.6282	  0.020193	  0.002328
 8.6752	 37.6297	  0.020192	  0.002327
 8.6754	 37.6311	  0.020190	  0.002327
 8.6756	 37.6326	  0.020189	  0.002327
 8.6757	 37.6340	  0.020187	  0.002327
 8.6759	 37.6355	  0.020186	  0.002327
 8.6760	 37.6369	  0.020185	  0.002326
 8.6762	 37.6383	  0.020183	  0.002326
 8.6764	 37.6397	  0.020182	  0.002326
 8.6765	 37.6411	  0.020181	  0.002326
 8.6767	 37.6425	  0.020179	  0.002326
 8.6768	 37.6438	  0.020178	  0.002325
 8.6770	 37.6452	  0.020177	  0.002325
 8.6772	 37.6465	  0.020176	  0.002325
 8.6773	 37.6479	  0.020174	  0.002325
 8.6775	 37.6492	  0.020173	  0.002325
 8.6776	 37.6505	  0.020172	  0.002325
 8.6778	 37.6518	  0.020171	  0.002324
 8.6779	 37.6531	  0.020169	  0.002324
 8.6781	 37.6544	  0.020168	  0.002324
 8.6782	 37.6556	  0.020167	  0.002324
 8.6784	 37.6569	  0.020166	  0.002324
 8.6785	 37.6582	  0.020165	  0.002324
 8.6786	 37.6594	  0.020163	  0.002323
 8.6788	 37.6606	  0.020162	  0.002323
 8.6789	 37.6618	  0.020161	  0.002323
 8.6791	 37.6631	  0.020160	  0.002323
 8.6792	 37.6643	  0.020159	  0.002323
 8.6793	 37.6655	  0.020158	  0.002322
 8.6795	 37.6666	  0.020157	  0.002322
 8.6796	 37.6678	  0.020156	  0.002322
 8.6797	 37.6690	  0.020154	  0.002322
 8.6799	 37.6701	  0.020153	  0.002322
 8.6800	 37.6713	  0.020152	  0.002322
 8.6801	 37.6724	  0.020151	  0.002322
 8.6803	 37.6735	  0.020150	  0.002321
 8.6804	 37.6747	  0.020149	  0.002321
 8.6805	 37.6758	  0.020148	  0.002321
 8.6807	 37.6769	  0.020147	  0.002321
 8.6808	 37.6780	  0.020146	  0.002321
 8.6809	 37.6791	  0.020145	  0.002321
 8.6810	 37.6801	  0.020144	  0.002320
 8.6812	 37.6812	  0.020143	  0.002320
 8.6813	 37.6823	  0.020142	  0.002320
 8.6814	 37.6833	  0.020141	  0.002320
 8.6815	 37.6844	  0.020140	  0.002320
 8.6816	 37.6854	  0.020139	  0.002320
 8.6818	 37.6864	  0.020138	  0.002320
 8.6819	 37.6874	  0.020137	  0.002319
 8.6820	 37.6884	  0.020136	  0.002319
 8.6821	 37.6894	  0.020135	  0.002319
 8.6822	 37.6904	  0.020134	  0.002319
 8.6823	 37.6914	  0.020134	  0.002319
 8.6824	 37.6924	  0.020132	  0.002319
 8.6826	 37.6934	  0.020131	  0.002319
 8.6827	 37.6943	  0.020130	  0.002318
 8.6828	 37.6953	  0.020130	  0.002318
 8.6829	 37.6962	  0.020129	  0.002318
 8.6830	 37.6972	  0.020128	  0.002318
 8.6831	 37.6981	  0.020127	  0.002318
 8.6832	 37.6990	  0.020126	  0.002318
 8.6833	 37.6999	  0.020125	  0.002318
 8.6834	 37.7009	  0.020124	  0.002318
 8.6835	 37.7018	  0.020123	  0.002317
 8.6836	 37.7027	  0.020122	  0.002317
 8.6837	 37.7035	  0.020122	  0.002317
 8.6838	 37.7044	  0.020121	  0.002317
 8.6839	 37.7053	  0.020120	  0.002317
 8.6840	 37.7062	  0.020119	  0.002317
 8.6841	 37.7070	  0.020118	  0.002317
 8.6842	 37.7079	  0.020118	  0.002317
 8.6843	 37.7087	  0.020117	  0.002316
 8.6844	 37.7096	  0.020116	  0.002316
 8.6845	 37.7104	  0.020115	  0.002316
 8.6846	 37.7112	  0.020115	  0.002316
 8.6847	 37.7121	  0.020114	  0.002316
 8.6848	 37.7129	  0.020113	  0.002316
 8.6849	 37.7137	  0.020112	  0.002316
 8.6850	 37.7145	  0.020112	  0.002316
 8.6851	 37.7153	  0.020110	  0.002316
 8.6852	 37.7161	  0.020110	  0.002315
 8.6853	 37.7168	  0.020110	  0.002315
 8.6853	 37.7176	  0.020109	  0.002315
 8.6854	 37.7184	  0.020108	  0.002315
 8.6855	 37.7192	  0.020107	  0.002315
 8.6856	 37.7199	  0.020107	  0.002315
 8.6857	 37.7207	  0.020106	  0.002315
 8.6858	 37.7214	  0.020105	  0.002315
 8.6859	 37.7222	  0.020104	  0.002315
 8.6860	 37.7229	  0.020104	  0.002315
 8.6860	 37.7236	  0.020103	  0.002314
 8.6861	 37.7243	  0.020103	  0.002314
 8.6862	 37.7251	  0.020102	  0.002314
 8.6863	 37.7258	  0.020101	  0.002314
 8.6864	 37.7265	  0.020100	  0.002314
 8.6864	 37.7272	  0.020099	  0.002314
 8.6865	 37.7279	  0.020099	  0.002314
 8.6866	 37.7286	  0.020099	  0.002314
 8.6867	 37.7292	  0.020098	  0.002314
 8.6868	 37.7299	  0.020097	  0.002313
 8.6868	 37.7306	  0.020096	  0.002313
 8.6869	 37.7313	  0.020096	  0.002313
 8.6870	 37.7319	  0.020095	  0.002313
 8.6871	 37.7326	  0.020094	  0.002313
 8.6871	 37.7332	  0.020094	  0.002313
 8.6872	 37.7339	  0.020094	  0.002313
 8.6873	 37.7345	  0.020093	  0.002313
 8.6874	 37.7351	  0.020092	  0.002313
 8.6874	 37.7358	  0.020092	  0.002313
 8.6875	 37.7364	  0.020092	  0.002313
 8.6876	 37.7370	  0.020090	  0.002313
 8.6877	 37.7376	  0.020089	  0.002312
 8.6877	 37.7383	  0.020090	  0.002312
 8.6878	 37.7389	  0.020089	  0.002312
 8.6879	 37.7395	  0.020089	  0.002312
 8.6879	 37.7401	  0.020087	  0.002312
 8.6880	 37.7406	  0.020087	  0.002312
 8.6881	 37.7412	  0.020087	  0.002312
 8.6881	 37.7418	  0.020086	  0.002312
 8.6882	 37.7424	  0.020086	  0.002312
 8.6883	 37.7430	  0.020085	  0.002312
 8.6883	 37.7435	  0.020084	  0.002312
 8.6884	 37.7441	  0.020084	  0.002312
 8.6885	 37.7447	  0.020084	  0.002312
 8.6885	 37.7452	  0.020084	  0.002312
 8.6886	 37.7458	  0.020083	  0.002311
 8.6886	 37.7463	  0.020082	  0.002311
 8.6887	 37.7469	  0.020080	  0.002311
 8.6888	 37.7474	  0.020080	  0.002311
 8.6888	 37.7479	  0.020079	  0.002311
 8.6889	 37.7485	  0.020079	  0.002311
 8.6890	 37.7490	  0.020079	  0.002311
 8.6890	 37.7495	  0.020080	  0.002311
 8.6891	 37.7500	  0.020080	  0.002311
 8.6891	 37.7505	  0.020078	  0.002311
 8.6892	 37.7510	  0.020077	  0.002311
 8.6893	 37.7515	  0.020077	  0.002311
 8.6893	 37.7520	  0.020077	  0.002310
 8.6894	 37.7525	  0.020076	  0.002310
 8.6894	 37.7530	  0.020076	  0.002310
 8.6895	 37.7535	  0.020075	  0.002310
 8.6895	 37.7540	  0.020074	  0.002310
 8.6896	 37.7545	  0.020074	  0.002310
 8.6896	 37.7550	  0.020075	  0.002310
 8.6897	 37.7554	  0.020073	  0.002310
 8.6898	 37.7559	  0.020072	  0.002310
 8.6898	 37.7564	  0.020073	  0.002310
 8.6899	 37.7568	  0.020073	  0.002310
 8.6899	 37.7573	  0.020072	  0.002310
 8.6900	 37.7578	  0.020071	  0.002310
 8.6900	 37.7582	  0.020069	  0.002309
 8.6901	 37.7587	  0.020071	  0.002310
 8.6901	 37.7591	  0.020071	  0.002310
 8.6902	 37.7595	  0.020069	  0.002309
 8.6902	 37.7600	  0.020069	  0.002309
 8.6903	 37.7604	  0.020069	  0.002309
 8.6903	 37.7608	  0.020067	  0.002309
 8.6904	 37.7613	  0.020068	  0.002309
 8.6904	 37.7617	  0.020070	  0.002309
 8.6905	 37.7621	  0.020068	  0.002309
 8.6905	 37.7625	  0.020066	  0.002309
 8.6906	 37.7629	  0.020066	  0.002309
 8.6906	 37.7633	  0.020066	  0.002309
 8.6907	 37.7638	  0.020065	  0.002309
 8.6907	 37.7642	  0.020067	  0.002309
 8.6907	 37.7646	  0.020065	  0.002309
 8.6908	 37.7650	  0.020063	  0.002309
 8.6908	 37.7653	  0.020063	  0.002309
 8.6909	 37.7657	  0.020062	  0.002308
 8.6909	 37.7661	  0.020063	  0.002309
 8.6910	 37.7665	  0.020064	  0.002309
 8.6910	 37.7669	  0.020064	  0.002309
 8.6911	 37.7673	  0.020062	  0.002308
 8.6911	 37.7676	  0.020062	  0.002308
 8.6911	 37.7680	  0.020060	  0.002308
 8.6912	 37.7684	  0.020061	  0.002308
 8.6912	 37.7688	  0.020063	  0.002308
 8.6913	 37.7691	  0.020062	  0.002308
 8.6913	 37.7695	  0.020059	  0.002308
 8.6914	 37.7698	  0.020059	  0.002308
 8.6914	 37.7702	  0.020060	  0.002308
 8.6914	 37.7705	  0.020060	  0.002308
 8.6915	 37.7709	  0.020060	  0.002308
 8.6915	 37.7712	  0.020058	  0.002308
 8.6916	 37.7716	  0.020058	  0.002308
 8.6916	 37.7719	  0.020057	  0.002308
 8.6916	 37.7723	  0.020057	  0.002308
 8.6917	 37.7726	  0.020058	  0.002308
 8.6917	 37.7729	  0.020057	  0.002308
 8.6918	 37.7733	  0.020057	  0.002308
 8.6918	 37.7736	  0.020058	  0.002308
 8.6918	 37.7739	  0.020056	  0.002307
 8.6919	 37.7742	  0.020055	  0.002307
 8.6919	 37.7746	  0.020054	  0.002307
 8.6919	 37.7749	  0.020056	  0.002307
 8.6920	 37.7752	  0.020056	  0.002307
 8.6920	 37.7755	  0.020053	  0.002307
 8.6920	 37.7758	  0.020053	  0.002307
 8.6921	 37.7761	  0.020056	  0.002307
 8.6921	 37.7764	  0.020056	  0.002307
 8.6921	 37.7767	  0.020052	  0.002307
 8.6922	 37.7770	  0.020052	  0.002307
 8.6922	 37.7773	  0.020055	  0.002307
 8.6923	 37.7776	  0.020055	  0.002307
 8.6923	 37.7779	  0.020051	  0.002307
 8.6923	 37.7782	  0.020051	  0.002307
 8.6924	 37.7785	  0.020050	  0.002307
 8.6924	 37.7788	  0.020048	  0.002306
 8.6924	 37.7791	  0.020052	  0.002307
 8.6924	 37.7793	  0.020054	  0.002307
 8.6925	 37.7796	  0.020051	  0.002307
 8.6925	 37.7799	  0.020048	  0.002306
 8.6925	 37.7802	  0.020052	  0.002307
 8.6926	 37.7804	  0.020053	  0.002307
 8.6926	 37.7807	  0.020052	  0.002307
 8.6926	 37.7810	  0.020054	  0.002307
 8.6927	 37.7813	  0.020049	  0.002306
 8.6927	 37.7815	  0.020046	  0.002306
 8.6927	 37.7818	  0.020049	  0.002306
 8.6928	 37.7820	  0.020049	  0.002306
 8.6928	 37.7823	  0.020050	  0.002306
 8.6928	 37.7825	  0.020044	  0.002306
 8.6928	 37.7828	  0.020043	  0.002306
 8.6929	 37.7831	  0.020050	  0.002306
 8.6929	 37.7833	  0.020047	  0.002306
 8.6929	 37.7836	  0.020044	  0.002306
 8.6930	 37.7838	  0.020050	  0.002307
 8.6930	 37.7840	  0.020053	  0.002307
 8.6930	 37.7843	  0.020046	  0.002306
 8.6930	 37.7845	  0.020042	  0.002306
 8.6931	 37.7848	  0.020044	  0.002306
 8.6931	 37.7850	  0.020046	  0.002306
 8.6931	 37.7852	  0.020047	  0.002306
 8.6932	 37.7855	  0.020048	  0.002306
 8.6932	 37.7857	  0.020049	  0.002306
 8.6932	 37.7859	  0.020048	  0.002306
 8.6932	 37.7862	  0.020042	  0.002305
 8.6933	 37.7864	  0.020044	  0.002306
 8.6933	 37.7866	  0.020046	  0.002306
 8.6933	 37.7868	  0.020043	  0.002306
 8.6933	 37.7870	  0.020037	  0.002305
 8.6934	 37.7873	  0.020044	  0.002306
 8.6934	 37.7875	  0.020051	  0.002307
 8.6934	 37.7877	  0.020040	  0.002305
 8.6934	 37.7879	  0.020036	  0.002305
 8.6935	 37.7881	  0.020043	  0.002306
 8.6935	 37.7883	  0.020048	  0.002306
 8.6935	 37.7885	  0.020044	  0.002306
 8.6935	 37.7887	  0.020043	  0.002306
 8.6936	 37.7889	  0.020040	  0.002305
 8.6936	 37.7891	  0.020039	  0.002305
 8.6936	 37.7893	  0.020045	  0.002306
 8.6936	 37.7895	  0.020047	  0.002306
 8.6936	 37.7897	  0.020047	  0.002306
 8.6937	 37.7899	  0.020039	  0.002305
 8.6937	 37.7901	  0.020037	  0.002305
 8.6937	 37.7903	  0.020041	  0.002305
 8.6937	 37.7905	  0.020039	  0.002305
 8.6938	 37.7907	  0.020042	  0.002305
 8.6938	 37.7909	  0.020045	  0.002306
 8.6938	 37.7911	  0.020042	  0.002305
 8.6938	 37.7913	  0.020032	  0.002304
 8.6938	 37.7915	  0.020030	  0.002304
 8.6939	 37.7916	  0.020037	  0.002305
 8.6939	 37.7918	  0.020039	  0.002305
 8.6939	 37.7920	  0.020051	  0.002306
 8.6939	 37.7922	  0.020050	  0.002306
 8.6939	 37.7924	  0.020037	  0.002305
 8.6940	 37.7925	  0.020037	  0.002305
 8.6940	 37.7927	  0.020041	  0.002305
 8.6940	 37.7929	  0.020036	  0.002305
 8.6940	 37.7930	  0.020035	  0.002304
 8.6940	 37.7932	  0.020034	  0.002304
 8.6941	 37.7934	  0.020034	  0.002304
 8.6941	 37.7936	  0.020046	  0.002306
 8.6941	 37.7937	  0.020056	  0.002307
 8.6941	 37.7939	  0.020043	  0.002305
 8.6941	 37.7940	  0.020027	  0.002304
 8.6942	 37.7942	  0.020023	  0.002303
 8.6942	 37.7944	  0.020040	  0.002305
 8.6942	 37.7945	  0.020046	  0.002306
 8.6942	 37.7947	  0.020032	  0.002304
 8.6942	 37.7948	  0.020031	  0.002304
 8.6943	 37.7950	  0.020031	  0.002304
 8.6943	 37.7952	  0.020030	  0.002304
 8.6943	 37.7953	  0.020046	  0.002306
 8.6943	 37.7955	  0.020049	  0.002306
 8.6943	 37.7956	  0.020038	  0.002305
 8.6943	 37.7958	  0.020031	  0.002304
 8.6944	 37.7959	  0.020038	  0.002305
 8.6944	 37.7961	  0.020028	  0.002304
 8.6944	 37.7962	  0.020027	  0.002303
 8.6944	 37.7963	  0.020038	  0.002305
 8.6944	 37.7965	  0.020033	  0.002304
 8.6944	 37.7966	  0.020023	  0.002303
 8.6945	 37.7968	  0.020040	  0.002305
 8.6945	 37.7969	  0.020046	  0.002306
 8.6945	 37.7971	  0.020028	  0.002304
 8.6945	 37.7972	  0.020036	  0.002304
 8.6945	 37.7973	  0.020045	  0.002305
 8.6945	 37.7975	  0.020042	  0.002305
 8.6945	 37.7976	  0.020044	  0.002305
 8.6946	 37.7977	  0.020033	  0.002304
 8.6946	 37.7979	  0.020016	  0.002302
 8.6946	 37.7980	  0.020018	  0.002302
 8.6946	 37.7981	  0.020040	  0.002305
 8.6946	 37.7983	  0.020032	  0.002304
 8.6946	 37.7984	  0.020035	  0.002304
 8.6947	 37.7985	  0.020041	  0.002305
 8.6947	 37.7986	  0.020038	  0.002305
 8.6947	 37.7988	  0.020028	  0.002303
 8.6947	 37.7989	  0.020024	  0.002303
 8.6947	 37.7990	  0.020032	  0.002304
 8.6947	 37.7991	  0.020039	  0.002305
 8.6947	 37.7993	  0.020028	  0.002303
 8.6948	 37.7994	  0.020031	  0.002304
 8.6948	 37.7995	  0.020040	  0.002305
 8.6948	 37.7996	  0.020031	  0.002304
 8.6948	 37.7997	  0.020026	  0.002303
 8.6948	 37.7998	  0.020031	  0.002304
 8.6948	 37.8000	  0.020048	  0.002306
 8.6948	 37.8001	  0.020040	  0.002305
 8.6948	 37.8002	  0.020036	  0.002304
 8.6949	 37.8003	  0.020030	  0.002304
 8.6949	 37.8004	  0.020020	  0.002303
 8.6949	 37.8005	  0.020025	  0.002303
 8.6949	 37.8006	  0.020035	  0.002304
 8.6949	 37.8008	  0.020038	  0.002305
 8.6949	 37.8009	  0.020044	  0.002305
 8.6949	 37.8010	  0.020030	  0.002304
 8.6949	 37.8011	  0.020024	  0.002303
 8.6950	 37.8012	  0.020013	  0.002302
 8.6950	 37.8013	  0.020023	  0.002303
 8.6950	 37.8014	  0.020049	  0.002306
 8.6950	 37.8015	  0.020027	  0.002303
 8.6950	 37.8016	  0.020035	  0.002304
 8.6950	 37.8017	  0.020047	  0.002306
 8.6950	 37.8018	  0.020000	  0.002300
 8.6950	 37.8019	  0.020018	  0.002302
 8.6951	 37.8020	  0.020070	  0.002308
 8.6951	 37.8021	  0.020044	  0.002305
 8.6951	 37.8022	  0.020018	  0.002302
 8.6951	 37.8023	  0.020020	  0.002302
 8.6951	 37.8024	  0.020006	  0.002301
 8.6951	 37.8025	  0.020027	  0.002303
 8.6951	 37.8026	  0.020051	  0.002306
 8.6951	 37.8027	  0.020037	  0.002304
 8.6951	 37.8028	  0.020029	  0.002303
 8.6952	 37.8029	  0.020026	  0.002303
 8.6952	 37.8029	  0.020037	  0.002304
 8.6952	 37.8030	  0.020016	  0.002302
 8.6952	 37.8031	  0.020016	  0.002302
 8.6952	 37.8032	  0.020024	  0.002303
 8.6952	 37.8033	  0.020037	  0.002304
 8.6952	 37.8034	  0.020046	  0.002305
 8.6952	 37.8035	  0.020033	  0.002304
 8.6952	 37.8036	  0.020026	  0.002303
 8.6952	 37.8037	  0.020016	  0.002302
 8.6953	 37.8037	  0.020011	  0.002301
 8.6953	 37.8038	  0.020041	  0.002305
 8.6953	 37.8039	  0.020032	  0.002304
 8.6953	 37.8040	  0.020023	  0.002303
 8.6953	 37.8041	  0.020061	  0.002307
 8.6953	 37.8042	  0.020057	  0.002307
 8.6953	 37.8042	  0.020018	  0.002302
 8.6953	 37.8043	  0.020030	  0.002304
 8.6953	 37.8044	  0.020013	  0.002302
 8.6953	 37.8045	  0.019992	  0.002299
 8.6954	 37.8046	  0.020042	  0.002305
 8.6954	 37.8046	  0.020035	  0.002304
 8.6954	 37.8047	  0.019971	  0.002297
 8.6954	 37.8048	  0.020010	  0.002301
 8.6954	 37.8049	  0.020050	  0.002306
 8.6954	 37.8049	  0.020048	  0.002306
 8.6954	 37.8050	  0.020044	  0.002305
 8.6954	 37.8051	  0.020077	  0.002309
 8.6954	 37.8052	  0.020052	  0.002306
 8.6954	 37.8052	  0.019970	  0.002297
 8.6954	 37.8053	  0.019969	  0.002296
 8.6954	 37.8054	  0.020024	  0.002303
 8.6955	 37.8055	  0.020019	  0.002302
 8.6955	 37.8055	  0.020043	  0.002305
 8.6955	 37.8056	  0.020089	  0.002310
 8.6955	 37.8057	  0.020059	  0.002307
 8.6955	 37.8057	  0.019991	  0.002299
 8.6955	 37.8058	  0.020034	  0.002304
 8.6955	 37.8059	  0.020029	  0.002303
 8.6955	 37.8059	  0.020009	  0.002301
 8.6955	 37.8060	  0.020023	  0.002303
 8.6955	 37.8061	  0.020039	  0.002304
 8.6955	 37.8061	  0.019970	  0.002297
 8.6955	 37.8062	  0.019986	  0.002298
 8.6955	 37.8063	  0.020117	  0.002313
 8.6956	 37.8063	  0.020080	  0.002309
 8.6956	 37.8064	  0.019993	  0.002299
 8.6956	 37.8065	  0.019971	  0.002297
 8.6956	 37.8065	  0.020024	  0.002303
 8.6956	 37.8066	  0.020011	  0.002301
 8.6956	 37.8067	  0.020027	  0.002303
 8.6956	 37.8067	  0.020050	  0.002306
 8.6956	 37.8068	  0.020063	  0.002307
 8.6956	 37.8068	  0.020059	  0.002307
 8.6956	 37.8069	  0.019963	  0.002296
 8.6956	 37.8070	  0.019998	  0.002300
 8.6956	 37.8070	  0.020047	  0.002305
 8.6956	 37.8071	  0.020013	  0.002302
 8.6956	 37.8071	  0.020015	  0.002302
 8.6957	 37.8072	  0.020048	  0.002306
 8.6957	 37.8072	  0.019991	  0.002299
 8.6957	 37.8073	  0.019995	  0.002299
 8.6957	 37.8074	  0.020037	  0.002304
 8.6957	 37.8074	  0.020019	  0.002302
 8.6957	 37.8075	  0.019956	  0.002295
 8.6957	 37.8075	  0.020034	  0.002304
 8.6957	 37.8076	  0.020178	  0.002320
 8.6957	 37.8076	  0.020121	  0.002314
 8.6957	 37.8077	  0.019975	  0.002297
 8.6957	 37.8077	  0.019990	  0.002299
 8.6957	 37.8078	  0.020031	  0.002304
 8.6957	 37.8078	  0.019977	  0.002297
 8.6957	 37.8079	  0.020064	  0.002307
 8.6957	 37.8080	  0.020090	  0.002310
 8.6957	 37.8080	  0.019922	  0.002291
 8.6958	 37.8081	  0.019925	  0.002291
 8.6958	 37.8081	  0.019993	  0.002299
 8.6958	 37.8082	  0.020026	  0.002303
 8.6958	 37.8082	  0.020124	  0.002314
 8.6958	 37.8083	  0.020039	  0.002304
 8.6958	 37.8083	  0.019969	  0.002296
 8.6958	 37.8083	  0.019982	  0.002298
 8.6958	 37.8084	  0.020101	  0.002312
 8.6958	 37.8084	  0.020105	  0.002312
 8.6958	 37.8085	  0.019872	  0.002285
 8.6958	 37.8085	  0.019932	  0.002292
 8.6958	 37.8086	  0.019970	  0.002297
 8.6958	 37.8086	  0.020017	  0.002302
 8.6958	 37.8087	  0.020060	  0.002307
 8.6958	 37.8087	  0.020050	  0.002306
 8.6958	 37.8088	  0.020084	  0.002310
 8.6958	 37.8088	  0.020120	  0.002314
 8.6958	 37.8089	  0.019969	  0.002296
 8.6958	 37.8089	  0.019916	  0.002290
 8.6959	 37.8089	  0.020043	  0.002305
 8.6959	 37.8090	  0.020100	  0.002311
 8.6959	 37.8090	  0.020038	  0.002304
 8.6959	 37.8091	  0.020128	  0.002315
 8.6959	 37.8091	  0.020092	  0.002310
 8.6959	 37.8092	  0.020101	  0.002312
 8.6959	 37.8092	  0.019991	  0.002299
 8.6959	 37.8092	  0.018031	  0.002074
 8.6959	 37.8093	  0.040124	  0.004614
 8.6959	 37.8093	  0.019917	  0.002290
 8.6959	 37.8093	  0.037257	  0.004284
 8.6959	 37.8094	  0.015546	  0.001788
 8.6959	 37.8094	  0.029569	  0.003400
 8.6959	 37.8094	  0.012179	  0.001401
 8.6959	 37.8095	  0.021230	  0.002441
 8.6959	 37.8095	  0.018940	  0.002178
 8.6959	 37.8095	  0.024397	  0.002806
 8.6959	 37.8095	  0.039426	  0.004534
 8.6959	 37.8096	  0.065505	  0.007533
 8.6959	 37.8096	  0.053756	  0.006182
 8.6959	 37.8096	  0.029606	  0.003405
 8.6959	 37.8096	  0.031309	  0.003600
 8.6959	 37.8097	  0.038640	  0.004443
 8.6959	 37.8097	  0.060809	  0.006993
 8.6959	 37.8097	  0.080301	  0.009234
 8.6959	 37.8097	  0.045562	  0.005239
 8.6959	 37.8097	  0.024178	  0.002780
 8.6959	 37.8098	  0.018031	  0.002073
 8.6960	 37.8098	  0.128210	  0.014744
 8.6960	 37.8098	  0.099966	  0.011496
 8.6960	 37.8099	  0.011788	  0.001356
 8.6960	 37.8099	  0.059978	  0.006897
 8.6960	 37.8099	  0.051454	  0.005917
 8.6960	 37.8099	  0.015628	  0.001797
 8.6960	 37.8100	  0.015849	  0.001823
 8.6960	 37.8100	  0.047504	  0.005463
 8.6960	 37.8100	  0.012848	  0.001477
 8.6960	 37.8100	  0.033151	  0.003812
 8.6960	 37.8100	  0.015816	  0.001819
 8.6960	 37.8101	  0.061781	  0.007105
 8.6960	 37.8101	  0.243477	  0.027999
 8.6960	 37.8101	  0.019413	  0.002232
 8.6960	 37.8101	  0.018826	  0.002165
 8.6960	 37.8102	  0.033748	  0.003881
 8.6960	 37.8102	  0.037755	  0.004342
 8.6960	 37.8102	  0.019218	  0.002210
 8.6960	 37.8102	  0.013170	  0.001514
 8.6960	 37.8102	  0.017639	  0.002028
 8.6960	 37.8103	  0.017464	  0.002008
 8.6960	 37.8103	  0.017511	  0.002014
 8.6960	 37.8103	  0.017659	  0.002031
 8.6960	 37.8104	  0.019078	  0.002194
 8.6960	 37.8104	  0.242449	  0.027880
 8.6960	 37.8104	  0.021537	  0.002477
 8.6960	 37.8105	  0.012087	  0.001390
 8.6960	 37.8105	  0.013809	  0.001588
 8.6960	 37.8105	  0.018152	  0.002087
 8.6960	 37.8106	  0.021821	  0.002509
 8.6960	 37.8106	  0.025278	  0.002907
 8.6960	 37.8106	  0.012803	  0.001472
 8.6960	 37.8106	  0.031332	  0.003603
 8.6961	 37.8107	  0.009775	  0.001124
 8.6961	 37.8107	  0.028512	  0.003279
 8.6961	 37.8107	  0.026921	  0.003096
 8.6961	 37.8107	  0.056837	  0.006536
 8.6961	 37.8107	  0.026218	  0.003015
 8.6961	 37.8108	  0.682509	  0.078485
 8.6961	 37.8108	  0.016682	  0.001918
 8.6961	 37.8108	  0.116860	  0.013438
 8.6961	 37.8108	  0.021948	  0.002524
 8.6961	 37.8108	  1.737165	  0.199764
 8.6961	 37.8108	  0.016876	  0.001941
 8.6961	 37.8109	  0.026582	  0.003057
 8.6961	 37.8109	  0.030195	  0.003472
 8.6961	 37.8109	  0.092547	  0.010642
 8.6961	 37.8109	  0.035876	  0.004126
 8.6961	 37.8109	  0.012890	  0.001482
 8.6961	 37.8109	  0.017919	  0.002061
 8.6961	 37.8110	  0.015819	  0.001819
 8.6961	 37.8110	  0.035822	  0.004119
 8.6961	 37.8110	  0.033785	  0.003885
 8.6961	 37.8110	  0.020296	  0.002334
 8.6961	 37.8110	  0.025975	  0.002987
 8.6961	 37.8110	  0.015711	  0.001807
 8.6961	 37.8111	  0.037962	  0.004365
 8.6961	 37.8111	  0.011299	  0.001299
 8.6961	 37.8111	  0.082409	  0.009477
 8.6961	 37.8111	  0.058856	  0.006768
 8.6961	 37.8111	  0.036822	  0.004234
 8.6961	 37.8111	  0.028377	  0.003263
 8.6961	 37.8112	  0.015252	  0.001754
 8.6961	 37.8112	  0.047366	  0.005447
 8.6961	 37.8112	  0.013632	  0.001568
 8.6961	 37.8112	  0.068574	  0.007886
 8.6961	 37.8112	  0.036523	  0.004200
 8.6961	 37.8112	  0.073011	  0.008396
 8.6961	 37.8112	  0.063681	  0.007323
 8.6961	 37.8113	  0.028666	  0.003296
 8.6961	 37.8113	  0.013218	  0.001520
 8.6961	 37.8113	  0.204780	  0.023548
 8.6961	 37.8113	  0.027833	  0.003201
 8.6961	 37.8113	  0.031011	  0.003566
 8.6961	 37.8113	  0.050706	  0.005831
 8.6961	 37.8113	  0.027116	  0.003118
 8.6961	 37.8113	  0.021646	  0.002489
 8.6961	 37.8114	  0.247136	  0.028419
 8.6961	 37.8114	  0.088059	  0.010126
 8.6961	 37.8114	  0.013670	  0.001572
 8.6961	 37.8114	  0.031418	  0.003613
 8.6961	 37.8114	  0.012545	  0.001443
 8.6961	 37.8114	  0.060186	  0.006921
 8.6961	 37.8114	  0.029426	  0.003384
 8.6961	 37.8114	  0.011014	  0.001267
 8.6961	 37.8115	  0.044979	  0.005172
 8.6961	 37.8115	  0.009027	  0.001038
 8.6961	 37.8115	  0.027268	  0.003136
 8.6961	 37.8115	  0.123313	  0.014180
 8.6962	 37.8115	  0.043465	  0.004998
 8.6962	 37.8115	  0.014588	  0.001678
 8.6962	 37.8115	  0.044043	  0.005065
 8.6962	 37.8116	  0.010166	  0.001169
 8.6962	 37.8116	  0.097612	  0.011225
 8.6962	 37.8116	  0.009707	  0.001116
 8.6962	 37.8116	  0.012835	  0.001476
 8.6962	 37.8116	  0.009527	  0.001096
 8.6962	 37.8117	  0.018467	  0.002124
 8.6962	 37.8117	  0.007667	  0.000882
 8.6962	 37.8117	  0.033080	  0.003804
 8.6962	 37.8117	  0.040877	  0.004701
 8.6962	 37.8117	  0.016480	  0.001895
 8.6962	 37.8118	  0.011687	  0.001344
 8.6962	 37.8118	  0.019685	  0.002264
 8.6962	 37.8118	  0.011842	  0.001362
 8.6962	 37.8118	  0.013991	  0.001609
 8.6962	 37.8118	  0.013540	  0.001557
 8.6962	 37.8119	  0.012124	  0.001394
 8.6962	 37.8119	  0.008491	  0.000976
 8.6962	 37.8119	  0.008861	  0.001019
 8.6962	 37.8119	  0.021884	  0.002517
 8.6962	 37.8120	  0.030111	  0.003463
 8.6962	 37.8120	  0.008516	  0.000979
 8.6962	 37.8120	  0.008533	  0.000981
 8.6962	 37.8120	  0.013695	  0.001575
 8.6962	 37.8121	  0.009698	  0.001115
 8.6962	 37.8121	  0.009395	  0.001080
 8.6962	 37.8121	  0.012123	  0.001394
 8.6962	 37.8121	  0.008068	  0.000928
 8.6962	 37.8121	  0.008712	  0.001002
 8.6962	 37.8122	  0.014269	  0.001641
 8.6962	 37.8122	  0.019258	  0.002215
 8.6962	 37.8122	  0.011414	  0.001313
 8.6962	 37.8122	  0.014433	  0.001660
 8.6962	 37.8122	  0.089630	  0.010307
 8.6962	 37.8123	  0.008945	  0.001029
 8.6962	 37.8123	  0.009424	  0.001084
 8.6962	 37.8123	  0.009946	  0.001144
 8.6962	 37.8123	  0.012770	  0.001468
 8.6962	 37.8123	  0.020428	  0.002349
 8.6962	 37.8124	  0.009686	  0.001114
 8.6963	 37.8124	  0.008872	  0.001020
 8.6963	 37.8124	  0.008447	  0.000971
 8.6963	 37.8124	  0.011098	  0.001276
 8.6963	 37.8125	  0.013157	  0.001513
 8.6963	 37.8125	  0.045557	  0.005239
 8.6963	 37.8125	  0.014507	  0.001668
 8.6963	 37.8125	  0.011542	  0.001327
 8.6963	 37.8125	  0.011755	  0.001352
 8.6963	 37.8126	  0.011293	  0.001299
 8.6963	 37.8126	  0.009533	  0.001096
 8.6963	 37.8126	  0.011365	  0.001307
 8.6963	 37.8126	  0.176577	  0.020305
 8.6963	 37.8126	  0.159636	  0.018357
 8.6963	 37.8127	  0.020952	  0.002409
 8.6963	 37.8127	  0.016658	  0.001916
 8.6963	 37.8127	  0.009459	  0.001088
 8.6963	 37.8127	  0.007558	  0.000869
 8.6963	 37.8127	  0.927037	  0.106601
 8.6963	 37.8127	  0.018553	  0.002133
 8.6963	 37.8128	  0.009100	  0.001046
 8.6963	 37.8128	  0.014498	  0.001667
 8.6963	 37.8128	  0.012518	  0.001439
 8.6963	 37.8128	  0.021183	  0.002436
 8.6963	 37.8128	  0.008031	  0.000923
 8.6963	 37.8129	  0.007034	  0.000809
 8.6963	 37.8129	  0.040252	  0.004629
 8.6963	 37.8129	  0.010903	  0.001254
 8.6963	 37.8129	  0.032140	  0.003696
 8.6963	 37.8129	  0.010523	  0.001210
 8.6963	 37.8129	  0.011508	  0.001323
 8.6963	 37.8129	  0.012969	  0.001491
 8.6963	 37.8129	  0.011834	  0.001361
 8.6963	 37.8130	  0.017651	  0.002030
 8.6963	 37.8130	  0.021499	  0.002472
 8.6963	 37.8130	  0.013846	  0.001592
 8.6963	 37.8130	  0.015036	  0.001729
 8.6963	 37.8130	  0.009306	  0.001070
 8.6963	 37.8130	  0.098976	  0.011381
 8.6963	 37.8131	  0.031626	  0.003637
 8.6963	 37.8131	  0.035373	  0.004068
 8.6963	 37.8131	  0.047355	  0.005445
 8.6963	 37.8131	  0.009090	  0.001045
 8.6963	 37.8131	  0.009563	  0.001100
 8.6963	 37.8131	  0.010245	  0.001178
 8.6963	 37.8131	  0.005910	  0.000680
 8.6963	 37.8131	  0.028945	  0.003328
 8.6963	 37.8132	  0.010815	  0.001244
 8.6963	 37.8132	  0.015476	  0.001780
 8.6963	 37.8132	  0.006678	  0.000768
 8.6963	 37.8132	  0.010303	  0.001185
 8.6963	 37.8132	  0.010042	  0.001155
 8.6963	 37.8132	  0.027180	  0.003125
 8.6963	 37.8133	  0.024675	  0.002837
 8.6964	 37.8133	  0.008852	  0.001018
 8.6964	 37.8133	  0.007018	  0.000807
 8.6964	 37.8133	  0.018048	  0.002075
 8.6964	 37.8133	  1.784048	  0.205149
 8.6964	 37.8133	  0.041107	  0.004727
 8.6964	 37.8133	  0.035788	  0.004115
 8.6964	 37.8133	  0.134444	  0.015460
 8.6964	 37.8134	  0.007479	  0.000860
 8.6964	 37.8134	  0.008053	  0.000926
 8.6964	 37.8134	  0.032476	  0.003734
 8.6964	 37.8134	  0.014933	  0.001717
 8.6964	 37.8134	  0.054668	  0.006286
 8.6964	 37.8134	  0.006629	  0.000762
 8.6964	 37.8134	  0.009805	  0.001127
 8.6964	 37.8134	  0.083617	  0.009615
 8.6964	 37.8135	  0.024989	  0.002873
 8.6964	 37.8135	  0.011358	  0.001306
 8.6964	 37.8135	  0.210554	  0.024212
 8.6964	 37.8135	  0.011348	  0.001305
 8.6964	 37.8135	  0.031266	  0.003595
 8.6964	 37.8135	  0.011573	  0.001331
 8.6964	 37.8135	  0.123963	  0.014255
 8.6964	 37.8135	  0.010453	  0.001202
 8.6964	 37.8136	  0.008182	  0.000941
 8.6964	 37.8136	  0.010825	  0.001245
 8.6964	 37.8136	  0.036995	  0.004254
