time	ve(j)	fe0(j)	E(j)	Te(j)
    0.00	0.0000	 0.10000E+01	 0.0000	 1.0000
    0.00	0.1000	 0.99501E+00	 0.0050	 1.0000
    0.00	0.2000	 0.98020E+00	 0.0200	 1.0000
    0.00	0.3000	 0.95600E+00	 0.0450	 1.0000
    0.00	0.4000	 0.92312E+00	 0.0800	 1.0000
    0.00	0.5000	 0.88250E+00	 0.1250	 1.0000
    0.00	0.6000	 0.83527E+00	 0.1800	 1.0000
    0.00	0.7000	 0.78270E+00	 0.2450	 1.0000
    0.00	0.8000	 0.72615E+00	 0.3200	 1.0000
    0.00	0.9000	 0.66698E+00	 0.4050	 1.0000
    0.00	1.0000	 0.60653E+00	 0.5000	 1.0000
    0.00	1.1000	 0.54607E+00	 0.6050	 1.0000
    0.00	1.2000	 0.48675E+00	 0.7200	 1.0000
    0.00	1.3000	 0.42956E+00	 0.8450	 1.0000
    0.00	1.4000	 0.37531E+00	 0.9800	 1.0000
    0.00	1.5000	 0.32465E+00	 1.1250	 1.0000
    0.00	1.6000	 0.27804E+00	 1.2800	 1.0000
    0.00	1.7000	 0.23575E+00	 1.4450	 1.0000
    0.00	1.8000	 0.19790E+00	 1.6200	 1.0000
    0.00	1.9000	 0.16447E+00	 1.8050	 1.0000
    0.00	2.0000	 0.13534E+00	 2.0000	 1.0000
    0.00	2.1000	 0.11025E+00	 2.2050	 1.0000
    0.00	2.2000	 0.88922E-01	 2.4200	 1.0000
    0.00	2.3000	 0.71005E-01	 2.6450	 1.0000
    0.00	2.4000	 0.56135E-01	 2.8800	 1.0000
    0.00	2.5000	 0.43937E-01	 3.1250	 1.0000
    0.00	2.6000	 0.34047E-01	 3.3800	 1.0000
    0.00	2.7000	 0.26121E-01	 3.6450	 1.0000
    0.00	2.8000	 0.19841E-01	 3.9200	 1.0000
    0.00	2.9000	 0.14921E-01	 4.2050	 1.0000
    0.00	3.0000	 0.11109E-01	 4.5000	 1.0000
    0.00	3.1000	 0.81887E-02	 4.8050	 1.0000
    0.00	3.2000	 0.59760E-02	 5.1200	 1.0000
    0.00	3.3000	 0.43178E-02	 5.4450	 1.0000
    0.00	3.4000	 0.30887E-02	 5.7800	 1.0000
    0.00	3.5000	 0.21875E-02	 6.1250	 1.0000
    0.00	3.6000	 0.15338E-02	 6.4800	 1.0000
    0.00	3.7000	 0.10648E-02	 6.8450	 1.0000
    0.00	3.8000	 0.73180E-03	 7.2200	 1.0000
    0.00	3.9000	 0.49796E-03	 7.6050	 1.0000
    0.00	4.0000	 0.33546E-03	 8.0000	 1.0000
    0.00	4.1000	 0.22375E-03	 8.4050	 1.0000
    0.00	4.2000	 0.14775E-03	 8.8200	 1.0000
    0.00	4.3000	 0.96593E-04	 9.2450	 1.0000
    0.00	4.4000	 0.62522E-04	 9.6800	 1.0000
    0.00	4.5000	 0.40065E-04	10.1250	 1.0000
    0.00	4.6000	 0.25419E-04	10.5800	 1.0000
    0.00	4.7000	 0.15967E-04	11.0450	 1.0000
    0.00	4.8000	 0.99295E-05	11.5200	 1.0000
    0.00	4.9000	 0.61136E-05	12.0050	 1.0000
    0.00	5.0000	 0.37267E-05	12.5000	 1.0000
    0.00	5.1000	 0.22491E-05	13.0050	 1.0000
    0.00	5.2000	 0.13438E-05	13.5200	 1.0000
    0.00	5.3000	 0.79494E-06	14.0450	 1.0000
    0.00	5.4000	 0.46557E-06	14.5800	 1.0000
    0.00	5.5000	 0.26996E-06	15.1250	 1.0000
    0.00	5.6000	 0.15498E-06	15.6800	 1.0000
    0.00	5.7000	 0.88082E-07	16.2450	 1.0000
    0.00	5.8000	 0.49564E-07	16.8200	 1.0000
    0.00	5.9000	 0.27612E-07	17.4050	 1.0000
    0.00	6.0000	 0.15230E-07	18.0000	 1.0000
    0.00	6.1000	 0.83167E-08	18.6050	 1.0000
    0.00	6.2000	 0.44963E-08	19.2200	 1.0000
    0.00	6.3000	 0.24067E-08	19.8450	 1.0000
    0.00	6.4000	 0.12754E-08	20.4800	 1.0000
    0.00	6.5000	 0.66916E-09	21.1250	 1.0000
    0.00	6.6000	 0.34759E-09	21.7800	 1.0000
    0.00	6.7000	 0.17876E-09	22.4450	 1.0000
    0.00	6.8000	 0.91015E-10	23.1200	 1.0000
    0.00	6.9000	 0.45880E-10	23.8050	 1.0000
    0.00	7.0000	 0.22897E-10	24.5000	 1.0000
    0.00	7.1000	 0.11314E-10	25.2050	 1.0000
    0.00	7.2000	 0.55346E-11	25.9200	 1.0000
    0.00	7.3000	 0.26805E-11	26.6450	 1.0000
    0.00	7.4000	 0.12853E-11	27.3800	 1.0000
    0.00	7.5000	 0.61019E-12	28.1250	 1.0000
