 # time nti nthot ntcold nte n0hot n0cold En_ion Whot1 Whot2 Whot Wcold Th Tc En_elec En_delta vmax vfinal
    0.00  25.20000  25.20013   0.00000  25.20013   1.00000   0.00000   0.00000   0.00000   0.00000   0.00000   0.00000   1.00000   0.01000   1.08325   1.08325   0.00000   0.00000
    0.20  25.20000  25.20013   0.00000  25.20013   1.00000   0.00000   0.00900   0.00045   0.00631   0.00676   0.00000   1.00000   0.01000   1.08100   1.08324   0.17132   0.34224
    0.40  25.20000  25.20013   0.00000  25.20013   1.00000   0.00000   0.03581   0.00184   0.02513   0.02697   0.00000   1.00000   0.01000   1.07437   1.08321   0.34147   0.67963
    0.60  25.20000  25.20013   0.00000  25.20013   1.00000   0.00000   0.07988   0.00426   0.05612   0.06038   0.00000   1.00000   0.01000   1.06364   1.08314   0.50921   1.00757
    0.80  25.20000  25.20012   0.00000  25.20012   1.00000   0.00000   0.14036   0.00787   0.09877   0.10664   0.00000   1.00000   0.01000   1.04927   1.08299   0.67350   1.32237
    1.00  25.20000  25.20012   0.00000  25.20012   1.00000   0.00000   0.21612   0.01288   0.15233   0.16521   0.00000   1.00000   0.01000   1.03183   1.08274   0.83348   1.62130
    1.20  25.20000  25.20012   0.00000  25.20012   1.00000   0.00000   0.30590   0.01955   0.21591   0.23546   0.00000   1.00000   0.01000   1.01193   1.08237   0.98851   1.90268
    1.40  25.20000  25.20011   0.00000  25.20011   1.00000   0.00000   0.40836   0.02816   0.28850   0.31666   0.00000   1.00000   0.01000   0.99018   1.08187   1.13814   2.16580
    1.60  25.20000  25.20011   0.00000  25.20011   1.00000   0.00000   0.52212   0.03901   0.36901   0.40802   0.00000   1.00000   0.01000   0.96716   1.08126   1.28210   2.41069
    1.80  25.20000  25.20010   0.00000  25.20010   1.00000   0.00000   0.64587   0.05239   0.45632   0.50871   0.00000   1.00000   0.01000   0.94338   1.08054   1.42030   2.63799
    2.00  25.20000  25.20010   0.00000  25.20010   1.00000   0.00000   0.77839   0.06856   0.54934   0.61791   0.00000   1.00000   0.01000   0.91927   1.07975   1.55274   2.84872
    2.20  25.20000  25.20010   0.00000  25.20010   1.00000   0.00000   0.91854   0.08779   0.64703   0.73482   0.00000   1.00000   0.01000   0.89518   1.07889   1.67954   3.04410
    2.40  25.20000  25.20009   0.00000  25.20009   1.00000   0.00000   1.06531   0.11027   0.74841   0.85868   0.00000   1.00000   0.01000   0.87138   1.07800   1.80090   3.22545
    2.60  25.20000  25.20009   0.00000  25.20009   1.00000   0.00000   1.21783   0.13618   0.85262   0.98880   0.00000   1.00000   0.01000   0.84808   1.07710   1.91703   3.39408
    2.80  25.20000  25.20008   0.00000  25.20008   1.00000   0.00000   1.37531   0.16564   0.95888   1.12452   0.00000   1.00000   0.01000   0.82542   1.07620   2.02820   3.55125
    3.00  25.20000  25.20008   0.00000  25.20008   1.00000   0.00000   1.53709   0.19875   1.06652   1.26527   0.00000   1.00000   0.01000   0.80349   1.07531   2.13468   3.69812
    3.20  25.20000  25.20008   0.00000  25.20008   1.00000   0.00000   1.70260   0.23559   1.17494   1.41052   0.00000   1.00000   0.01000   0.78237   1.07445   2.23673   3.83576
    3.40  25.20000  25.20007   0.00000  25.20007   1.00000   0.00000   1.87135   0.27616   1.28365   1.55981   0.00000   1.00000   0.01000   0.76208   1.07362   2.33462   3.96510
    3.60  25.20000  25.20007   0.00000  25.20007   1.00000   0.00000   2.04293   0.32049   1.39223   1.71273   0.00000   1.00000   0.01000   0.74262   1.07282   2.42861   4.08700
    3.80  25.20000  25.20007   0.00000  25.20007   1.00000   0.00000   2.21698   0.36857   1.50034   1.86891   0.00000   1.00000   0.01000   0.72398   1.07205   2.51894   4.20219
    4.00  25.20000  25.20007   0.00000  25.20007   1.00000   0.00000   2.39319   0.42034   1.60769   2.02803   0.00000   1.00000   0.01000   0.70616   1.07133   2.60585   4.31132
    4.20  25.20000  25.20006   0.00000  25.20006   1.00000   0.00000   2.57132   0.47578   1.71403   2.18981   0.00000   1.00000   0.01000   0.68912   1.07064   2.68954   4.41497
    4.40  25.20000  25.20006   0.00000  25.20006   1.00000   0.00000   2.75115   0.53481   1.81918   2.35400   0.00000   1.00000   0.01000   0.67283   1.06998   2.77022   4.51363
    4.60  25.20000  25.20006   0.00000  25.20006   1.00000   0.00000   2.93248   0.59738   1.92299   2.52037   0.00000   1.00000   0.01000   0.65726   1.06937   2.84808   4.60777
    4.80  25.20000  25.20006   0.00000  25.20006   1.00000   0.00000   3.11515   0.66340   2.02534   2.68874   0.00000   1.00000   0.01000   0.64237   1.06878   2.92328   4.69775
    5.00  25.20000  25.20005   0.00000  25.20005   1.00000   0.00000   3.29902   0.73278   2.12614   2.85893   0.00000   1.00000   0.01000   0.62813   1.06823   2.99599   4.78393
    5.20  25.20000  25.20005   0.00000  25.20005   1.00000   0.00000   3.48397   0.80546   2.22532   3.03078   0.00000   1.00000   0.01000   0.61451   1.06771   3.06635   4.86661
    5.40  25.20000  25.20005   0.00000  25.20005   1.00000   0.00000   3.66990   0.88132   2.32283   3.20416   0.00000   1.00000   0.01000   0.60147   1.06721   3.13450   4.94606
    5.60  25.20000  25.20005   0.00000  25.20005   1.00000   0.00000   3.85672   0.96029   2.41864   3.37894   0.00000   1.00000   0.01000   0.58897   1.06675   3.20057   5.02252
    5.80  25.20000  25.20005   0.00000  25.20005   1.00000   0.00000   4.04433   1.04228   2.51274   3.55502   0.00000   1.00000   0.01000   0.57699   1.06631   3.26466   5.09621
    6.00  25.20000  25.20005   0.00000  25.20005   1.00000   0.00000   4.23268   1.12719   2.60511   3.73229   0.00000   1.00000   0.01000   0.56550   1.06589   3.32690   5.16732
    6.20  25.20000  25.20005   0.00000  25.20005   1.00000   0.00000   4.42169   1.21493   2.69575   3.91068   0.00000   1.00000   0.01000   0.55448   1.06549   3.38738   5.23603
    6.40  25.20000  25.20004   0.00000  25.20004   1.00000   0.00000   4.61132   1.30541   2.78468   4.09009   0.00000   1.00000   0.01000   0.54389   1.06512   3.44619   5.30249
    6.60  25.20000  25.20004   0.00000  25.20004   1.00000   0.00000   4.80150   1.39855   2.87190   4.27045   0.00000   1.00000   0.01000   0.53371   1.06476   3.50342   5.36684
    6.80  25.20000  25.20004   0.00000  25.20004   1.00000   0.00000   4.99221   1.49426   2.95745   4.45171   0.00000   1.00000   0.01000   0.52392   1.06442   3.55915   5.42922
    7.00  25.20000  25.20004   0.00000  25.20004   1.00000   0.00000   5.18339   1.59245   3.04134   4.63379   0.00000   1.00000   0.01000   0.51450   1.06410   3.61344   5.48974
    7.20  25.20000  25.20004   0.00000  25.20004   1.00000   0.00000   5.37501   1.69305   3.12360   4.81665   0.00000   1.00000   0.01000   0.50543   1.06379   3.66638   5.54851
    7.40  25.20000  25.20004   0.00000  25.20004   1.00000   0.00000   5.56703   1.79597   3.20426   5.00023   0.00000   1.00000   0.01000   0.49669   1.06350   3.71802   5.60562
    7.60  25.20000  25.20004   0.00000  25.20004   1.00000   0.00000   5.75944   1.90114   3.28335   5.18449   0.00000   1.00000   0.01000   0.48827   1.06322   3.76843   5.66117
    7.80  25.20000  25.20004   0.00000  25.20004   1.00000   0.00000   5.95220   2.00848   3.36090   5.36938   0.00000   1.00000   0.01000   0.48014   1.06295   3.81765   5.71525
    8.00  25.20000  25.20004   0.00000  25.20004   1.00000   0.00000   6.14529   2.11793   3.43695   5.55488   0.00000   1.00000   0.01000   0.47229   1.06270   3.86575   5.76792
    8.20  25.20000  25.20004   0.00000  25.20004   1.00000   0.00000   6.33868   2.22941   3.51152   5.74093   0.00000   1.00000   0.01000   0.46471   1.06246   3.91277   5.81925
    8.40  25.20000  25.20003   0.00000  25.20003   1.00000   0.00000   6.53236   2.34286   3.58466   5.92752   0.00000   1.00000   0.01000   0.45739   1.06222   3.95876   5.86933
    8.60  25.20000  25.20003   0.00000  25.20003   1.00000   0.00000   6.72630   2.45821   3.65640   6.11461   0.00000   1.00000   0.01000   0.45030   1.06200   4.00376   5.91819
    8.80  25.20000  25.20003   0.00000  25.20003   1.00000   0.00000   6.92050   2.57540   3.72677   6.30216   0.00000   1.00000   0.01000   0.44345   1.06179   4.04781   5.96591
    9.00  25.20000  25.20003   0.00000  25.20003   1.00000   0.00000   7.11493   2.69437   3.79580   6.49017   0.00000   1.00000   0.01000   0.43682   1.06158   4.09096   6.01253
    9.20  25.20000  25.20003   0.00000  25.20003   1.00000   0.00000   7.30959   2.81506   3.86353   6.67859   0.00000   1.00000   0.01000   0.43039   1.06138   4.13323   6.05811
    9.40  25.20000  25.20003   0.00000  25.20003   1.00000   0.00000   7.50445   2.93742   3.93000   6.86742   0.00000   1.00000   0.01000   0.42417   1.06120   4.17465   6.10268
    9.60  25.20000  25.20003   0.00000  25.20003   1.00000   0.00000   7.69950   3.06140   3.99522   7.05662   0.00000   1.00000   0.01000   0.41813   1.06101   4.21528   6.14630
    9.80  25.20000  25.20003   0.00000  25.20003   1.00000   0.00000   7.89475   3.18694   4.05924   7.24618   0.00000   1.00000   0.01000   0.41228   1.06084   4.25512   6.18900
   10.00  25.20000  25.20003   0.00000  25.20003   1.00000   0.00000   8.09016   3.31400   4.12209   7.43609   0.00000   1.00000   0.01000   0.40659   1.06067   4.29422   6.23082
   10.20  25.20000  25.20003   0.00000  25.20003   1.00000   0.00000   8.28575   3.44252   4.18379   7.62632   0.00000   1.00000   0.01000   0.40108   1.06051   4.33259   6.27179
   10.40  25.20000  25.20003   0.00000  25.20003   1.00000   0.00000   8.48148   3.57247   4.24438   7.81685   0.00000   1.00000   0.01000   0.39572   1.06035   4.37027   6.31196
   10.60  25.20000  25.20003   0.00000  25.20003   1.00000   0.00000   8.67737   3.70380   4.30389   8.00768   0.00000   1.00000   0.01000   0.39052   1.06020   4.40728   6.35134
   10.80  25.20000  25.20003   0.00000  25.20003   1.00000   0.00000   8.87340   3.83646   4.36233   8.19880   0.00000   1.00000   0.01000   0.38546   1.06006   4.44364   6.38997
   11.00  25.20000  25.20003   0.00000  25.20003   1.00000   0.00000   9.06956   3.97042   4.41975   8.39017   0.00000   1.00000   0.01000   0.38053   1.05991   4.47937   6.42788
   11.20  25.20000  25.20003   0.00000  25.20003   1.00000   0.00000   9.26584   4.10564   4.47617   8.58181   0.00000   1.00000   0.01000   0.37575   1.05978   4.51450   6.46510
   11.40  25.20000  25.20003   0.00000  25.20003   1.00000   0.00000   9.46225   4.24209   4.53160   8.77369   0.00000   1.00000   0.01000   0.37109   1.05965   4.54904   6.50165
   11.60  25.20000  25.20003   0.00000  25.20003   1.00000   0.00000   9.65877   4.37971   4.58609   8.96580   0.00000   1.00000   0.01000   0.36655   1.05952   4.58301   6.53755
   11.80  25.20000  25.20003   0.00000  25.20003   1.00000   0.00000   9.85540   4.51849   4.63964   9.15813   0.00000   1.00000   0.01000   0.36213   1.05940   4.61644   6.57282
   12.00  25.20000  25.20003   0.00000  25.20003   1.00000   0.00000  10.05213   4.65839   4.69229   9.35068   0.00000   1.00000   0.01000   0.35783   1.05928   4.64934   6.60749
   12.20  25.20000  25.20002   0.00000  25.20002   1.00000   0.00000  10.24896   4.79937   4.74406   9.54343   0.00000   1.00000   0.01000   0.35363   1.05916   4.68172   6.64158
   12.40  25.20000  25.20002   0.00000  25.20002   1.00000   0.00000  10.44589   4.94141   4.79497   9.73638   0.00000   1.00000   0.01000   0.34954   1.05905   4.71360   6.67510
   12.60  25.20000  25.20002   0.00000  25.20002   1.00000   0.00000  10.64291   5.08447   4.84504   9.92952   0.00000   1.00000   0.01000   0.34555   1.05894   4.74499   6.70808
   12.80  25.20000  25.20002   0.00000  25.20002   1.00000   0.00000  10.84001   5.22853   4.89430  10.12283   0.00000   1.00000   0.01000   0.34166   1.05884   4.77592   6.74054
   13.00  25.20000  25.20002   0.00000  25.20002   1.00000   0.00000  11.03720   5.37357   4.94276  10.31632   0.00000   1.00000   0.01000   0.33786   1.05873   4.80639   6.77248
   13.20  25.20000  25.20002   0.00000  25.20002   1.00000   0.00000  11.23446   5.51954   4.99044  10.50998   0.00000   1.00000   0.01000   0.33415   1.05863   4.83642   6.80392
   13.40  25.20000  25.20002   0.00000  25.20002   1.00000   0.00000  11.43180   5.66643   5.03736  10.70379   0.00000   1.00000   0.01000   0.33052   1.05854   4.86602   6.83489
   13.60  25.20000  25.20002   0.00000  25.20002   1.00000   0.00000  11.62922   5.81422   5.08354  10.89776   0.00000   1.00000   0.01000   0.32698   1.05844   4.89519   6.86539
   13.80  25.20000  25.20002   0.00000  25.20002   1.00000   0.00000  11.82670   5.96287   5.12901  11.09188   0.00000   1.00000   0.01000   0.32353   1.05835   4.92397   6.89543
   14.00  25.20000  25.20002   0.00000  25.20002   1.00000   0.00000  12.02425   6.11237   5.17376  11.28614   0.00000   1.00000   0.01000   0.32015   1.05826   4.95234   6.92504
   14.20  25.20000  25.20002   0.00000  25.20002   1.00000   0.00000  12.22186   6.26270   5.21783  11.48053   0.00000   1.00000   0.01000   0.31684   1.05817   4.98033   6.95422
   14.40  25.20000  25.20002   0.00000  25.20002   1.00000   0.00000  12.41954   6.41383   5.26123  11.67506   0.00000   1.00000   0.01000   0.31361   1.05809   5.00795   6.98299
   14.60  25.20000  25.20002   0.00000  25.20002   1.00000   0.00000  12.61727   6.56574   5.30398  11.86972   0.00000   1.00000   0.01000   0.31045   1.05801   5.03520   7.01135
   14.80  25.20000  25.20002   0.00000  25.20002   1.00000   0.00000  12.81507   6.71841   5.34608  12.06450   0.00000   1.00000   0.01000   0.30736   1.05793   5.06209   7.03933
   15.00  25.20000  25.20002   0.00000  25.20002   1.00000   0.00000  13.01291   6.87183   5.38756  12.25939   0.00000   1.00000   0.01000   0.30433   1.05785   5.08864   7.06692
   15.20  25.20000  25.20002   0.00000  25.20002   1.00000   0.00000  13.21081   7.02597   5.42843  12.45440   0.00000   1.00000   0.01000   0.30137   1.05777   5.11485   7.09414
   15.40  25.20000  25.20002   0.00000  25.20002   1.00000   0.00000  13.40876   7.18082   5.46870  12.64952   0.00000   1.00000   0.01000   0.29846   1.05770   5.14073   7.12100
   15.60  25.20000  25.20002   0.00000  25.20002   1.00000   0.00000  13.60675   7.33636   5.50839  12.84475   0.00000   1.00000   0.01000   0.29562   1.05763   5.16628   7.14751
   15.80  25.20000  25.20002   0.00000  25.20002   1.00000   0.00000  13.80479   7.49256   5.54751  13.04008   0.00000   1.00000   0.01000   0.29284   1.05755   5.19153   7.17368
   16.00  25.20000  25.20002   0.00000  25.20002   1.00000   0.00000  14.00288   7.64943   5.58608  13.23550   0.00000   1.00000   0.01000   0.29011   1.05748   5.21647   7.19951
   16.20  25.20000  25.20002   0.00000  25.20002   1.00000   0.00000  14.20101   7.80693   5.62409  13.43102   0.00000   1.00000   0.01000   0.28743   1.05742   5.24111   7.22502
   16.40  25.20000  25.20002   0.00000  25.20002   1.00000   0.00000  14.39918   7.96506   5.66158  13.62664   0.00000   1.00000   0.01000   0.28481   1.05735   5.26545   7.25021
   16.60  25.20000  25.20002   0.00000  25.20002   1.00000   0.00000  14.59739   8.12379   5.69855  13.82234   0.00000   1.00000   0.01000   0.28224   1.05729   5.28952   7.27509
   16.80  25.20000  25.20002   0.00000  25.20002   1.00000   0.00000  14.79563   8.28312   5.73500  14.01812   0.00000   1.00000   0.01000   0.27972   1.05722   5.31330   7.29967
   17.00  25.20000  25.20002   0.00000  25.20002   1.00000   0.00000  14.99391   8.44303   5.77096  14.21399   0.00000   1.00000   0.01000   0.27724   1.05716   5.33681   7.32395
   17.20  25.20000  25.20002   0.00000  25.20002   1.00000   0.00000  15.19222   8.60350   5.80643  14.40993   0.00000   1.00000   0.01000   0.27481   1.05710   5.36006   7.34795
   17.40  25.20000  25.20002   0.00000  25.20002   1.00000   0.00000  15.39057   8.76453   5.84142  14.60595   0.00000   1.00000   0.01000   0.27243   1.05704   5.38304   7.37166
   17.60  25.20000  25.20002   0.00000  25.20002   1.00000   0.00000  15.58894   8.92609   5.87595  14.80204   0.00000   1.00000   0.01000   0.27009   1.05698   5.40577   7.39510
   17.80  25.20000  25.20002   0.00000  25.20002   1.00000   0.00000  15.78734   9.08818   5.91002  14.99820   0.00000   1.00000   0.01000   0.26779   1.05693   5.42826   7.41828
   18.00  25.20000  25.20002   0.00000  25.20002   1.00000   0.00000  15.98576   9.25078   5.94364  15.19442   0.00000   1.00000   0.01000   0.26553   1.05687   5.45050   7.44119
   18.20  25.20000  25.20002   0.00000  25.20002   1.00000   0.00000  16.18421   9.41388   5.97682  15.39070   0.00000   1.00000   0.01000   0.26331   1.05682   5.47250   7.46384
   18.40  25.20000  25.20002   0.00000  25.20002   1.00000   0.00000  16.38267   9.57746   6.00958  15.58704   0.00000   1.00000   0.01000   0.26113   1.05676   5.49426   7.48624
   18.60  25.20000  25.20002   0.00000  25.20002   1.00000   0.00000  16.58116   9.74152   6.04191  15.78343   0.00000   1.00000   0.01000   0.25898   1.05671   5.51580   7.50840
   18.80  25.20000  25.20002   0.00000  25.20002   1.00000   0.00000  16.77965   9.90603   6.07383  15.97986   0.00000   1.00000   0.01000   0.25687   1.05666   5.53712   7.53032
   19.00  25.20000  25.20002   0.00000  25.20002   1.00000   0.00000  16.97816  10.07100   6.10535  16.17634   0.00000   1.00000   0.01000   0.25479   1.05661   5.55821   7.55200
   19.20  25.20000  25.20002   0.00000  25.20002   1.00000   0.00000  17.17667  10.23639   6.13647  16.37287   0.00000   1.00000   0.01000   0.25275   1.05656   5.57909   7.57346
   19.40  25.20000  25.20002   0.00000  25.20002   1.00000   0.00000  17.37519  10.40222   6.16721  16.56942   0.00000   1.00000   0.01000   0.25074   1.05651   5.59976   7.59468
   19.60  25.20000  25.20002   0.00000  25.20002   1.00000   0.00000  17.57371  10.56845   6.19756  16.76601   0.00000   1.00000   0.01000   0.24876   1.05646   5.62022   7.61569
   19.80  25.20000  25.20002   0.00000  25.20002   1.00000   0.00000  17.77222  10.73507   6.22754  16.96262   0.00000   1.00000   0.01000   0.24681   1.05642   5.64049   7.63648
   20.00  25.20000  25.20002   0.00000  25.20002   1.00000   0.00000  17.97072  10.90208   6.25716  17.15924   0.00000   1.00000   0.01000   0.24489   1.05637   5.66055   7.65706
   20.20  25.20000  25.20002   0.00000  25.20002   1.00000   0.00000  18.16921  11.06946   6.28642  17.35588   0.00000   1.00000   0.01000   0.24300   1.05633   5.68042   7.67744
   20.40  25.20000  25.20002   0.00000  25.20002   1.00000   0.00000  18.36768  11.23720   6.31533  17.55253   0.00000   1.00000   0.01000   0.24113   1.05628   5.70009   7.69761
   20.60  25.20000  25.20001   0.00000  25.20001   1.00000   0.00000  18.56612  11.40528   6.34389  17.74917   0.00000   1.00000   0.01000   0.23929   1.05624   5.71958   7.71758
   20.80  25.20000  25.20001   0.00000  25.20001   1.00000   0.00000  18.76453  11.57370   6.37211  17.94581   0.00000   1.00000   0.01000   0.23747   1.05620   5.73889   7.73736
   21.00  25.20000  25.20001   0.00000  25.20001   1.00000   0.00000  18.96290  11.74242   6.40001  18.14243   0.00000   1.00000   0.01000   0.23568   1.05615   5.75802   7.75694
   21.20  25.20000  25.20001   0.00000  25.20001   1.00000   0.00000  19.16123  11.91145   6.42758  18.33903   0.00000   1.00000   0.01000   0.23391   1.05611   5.77697   7.77634
   21.40  25.20000  25.20001   0.00000  25.20001   1.00000   0.00000  19.35949  12.08077   6.45482  18.53559   0.00000   1.00000   0.01000   0.23217   1.05607   5.79574   7.79555
   21.60  25.20000  25.20001   0.00000  25.20001   1.00000   0.00000  19.55770  12.25036   6.48176  18.73211   0.00000   1.00000   0.01000   0.23044   1.05603   5.81435   7.81458
   21.80  25.20000  25.20001   0.00000  25.20001   1.00000   0.00000  19.75584  12.42020   6.50839  18.92859   0.00000   1.00000   0.01000   0.22874   1.05599   5.83278   7.83344
   22.00  25.20000  25.20001   0.00000  25.20001   1.00000   0.00000  19.95389  12.59029   6.53471  19.12500   0.00000   1.00000   0.01000   0.22706   1.05595   5.85106   7.85212
   22.20  25.20000  25.20001   0.00000  25.20001   1.00000   0.00000  20.15186  12.76060   6.56074  19.32134   0.00000   1.00000   0.01000   0.22540   1.05592   5.86917   7.87063
   22.40  25.20000  25.20001   0.00000  25.20001   1.00000   0.00000  20.34972  12.93112   6.58648  19.51760   0.00000   1.00000   0.01000   0.22375   1.05588   5.88712   7.88897
   22.60  25.20000  25.20001   0.00000  25.20001   1.00000   0.00000  20.54748  13.10183   6.61193  19.71376   0.00000   1.00000   0.01000   0.22213   1.05584   5.90492   7.90714
   22.80  25.20000  25.20001   0.00000  25.20001   1.00000   0.00000  20.74511  13.27272   6.63710  19.90982   0.00000   1.00000   0.01000   0.22052   1.05581   5.92256   7.92516
   23.00  25.20000  25.20001   0.00000  25.20001   1.00000   0.00000  20.94261  13.44377   6.66199  20.10577   0.00000   1.00000   0.01000   0.21893   1.05577   5.94005   7.94301
   23.20  25.20000  25.20001   0.00000  25.20001   1.00000   0.00000  21.13996  13.61497   6.68662  20.30158   0.00000   1.00000   0.01000   0.21736   1.05574   5.95739   7.96071
   23.40  25.20000  25.20001   0.00000  25.20001   1.00000   0.00000  21.33716  13.78628   6.71097  20.49726   0.00000   1.00000   0.01000   0.21580   1.05570   5.97459   7.97826
   23.60  25.20000  25.20001   0.00000  25.20001   1.00000   0.00000  21.53418  13.95771   6.73507  20.69278   0.00000   1.00000   0.01000   0.21426   1.05567   5.99164   7.99566
   23.80  25.20000  25.20001   0.00000  25.20001   1.00000   0.00000  21.73103  14.12922   6.75891  20.88813   0.00000   1.00000   0.01000   0.21274   1.05563   6.00856   8.01290
   24.00  25.20000  25.20001   0.00000  25.20001   1.00000   0.00000  21.92767  14.30081   6.78249  21.08330   0.00000   1.00000   0.01000   0.21123   1.05560   6.02533   8.03000
   24.20  25.20000  25.20001   0.00000  25.20001   1.00000   0.00000  22.12411  14.47245   6.80583  21.27827   0.00000   1.00000   0.01000   0.20973   1.05557   6.04197   8.04696
   24.40  25.20000  25.20001   0.00000  25.20001   1.00000   0.00000  22.32032  14.64412   6.82892  21.47304   0.00000   1.00000   0.01000   0.20826   1.05554   6.05847   8.06378
   24.60  25.20000  25.20001   0.00000  25.20001   1.00000   0.00000  22.51629  14.81581   6.85177  21.66758   0.00000   1.00000   0.01000   0.20680   1.05550   6.07484   8.08045
   24.80  25.20000  25.20001   0.00000  25.20001   1.00000   0.00000  22.71201  14.98751   6.87438  21.86189   0.00000   1.00000   0.01000   0.20535   1.05547   6.09108   8.09699
   25.00  25.20000  25.20001   0.00000  25.20001   1.00000   0.00000  22.90747  15.15918   6.89676  22.05594   0.00000   1.00000   0.01000   0.20392   1.05544   6.10720   8.11340
   25.20  25.20000  25.20001   0.00000  25.20001   1.00000   0.00000  23.10265  15.33082   6.91892  22.24973   0.00000   1.00000   0.01000   0.20250   1.05541   6.12318   8.12968
   25.40  25.20000  25.20001   0.00000  25.20001   1.00000   0.00000  23.29753  15.50240   6.94084  22.44324   0.00000   1.00000   0.01000   0.20110   1.05538   6.13905   8.14582
   25.60  25.20000  25.20001   0.00000  25.20001   1.00000   0.00000  23.49211  15.67391   6.96255  22.63646   0.00000   1.00000   0.01000   0.19971   1.05535   6.15479   8.16184
   25.80  25.20000  25.20001   0.00000  25.20001   1.00000   0.00000  23.68636  15.84533   6.98404  22.82937   0.00000   1.00000   0.01000   0.19833   1.05532   6.17041   8.17773
   26.00  25.20000  25.20001   0.00000  25.20001   1.00000   0.00000  23.88028  16.01664   7.00531  23.02196   0.00000   1.00000   0.01000   0.19697   1.05530   6.18591   8.19349
   26.20  25.20000  25.20001   0.00000  25.20001   1.00000   0.00000  24.07385  16.18783   7.02638  23.21421   0.00000   1.00000   0.01000   0.19563   1.05527   6.20129   8.20914
   26.40  25.20000  25.20001   0.00000  25.20001   1.00000   0.00000  24.26706  16.35888   7.04724  23.40611   0.00000   1.00000   0.01000   0.19430   1.05524   6.21656   8.22466
   26.60  25.20000  25.20001   0.00000  25.20001   1.00000   0.00000  24.45989  16.52977   7.06789  23.59765   0.00000   1.00000   0.01000   0.19298   1.05521   6.23172   8.24007
   26.80  25.20000  25.20001   0.00000  25.20001   1.00000   0.00000  24.65233  16.70048   7.08834  23.78882   0.00000   1.00000   0.01000   0.19167   1.05519   6.24676   8.25536
   27.00  25.20000  25.20001   0.00000  25.20001   1.00000   0.00000  24.84437  16.87100   7.10859  23.97960   0.00000   1.00000   0.01000   0.19038   1.05516   6.26170   8.27053
   27.20  25.20000  25.20001   0.00000  25.20001   1.00000   0.00000  25.03600  17.04132   7.12865  24.16998   0.00000   1.00000   0.01000   0.18911   1.05513   6.27653   8.28560
   27.40  25.20000  25.20001   0.00000  25.20001   1.00000   0.00000  25.22720  17.21142   7.14852  24.35994   0.00000   1.00000   0.01000   0.18785   1.05511   6.29124   8.30055
   27.60  25.20000  25.20001   0.00000  25.20001   1.00000   0.00000  25.41796  17.38128   7.16820  24.54948   0.00000   1.00000   0.01000   0.18660   1.05508   6.30586   8.31539
   27.80  25.20000  25.20001   0.00000  25.20001   1.00000   0.00000  25.60827  17.55089   7.18769  24.73859   0.00000   1.00000   0.01000   0.18537   1.05505   6.32037   8.33012
   28.00  25.20000  25.20001   0.00000  25.20001   1.00000   0.00000  25.79813  17.72024   7.20700  24.92724   0.00000   1.00000   0.01000   0.18414   1.05503   6.33478   8.34475
   28.20  25.20000  25.20001   0.00000  25.20001   1.00000   0.00000  25.98751  17.88931   7.22613  25.11544   0.00000   1.00000   0.01000   0.18294   1.05500   6.34908   8.35927
   28.40  25.20000  25.20001   0.00000  25.20001   1.00000   0.00000  26.17641  18.05809   7.24508  25.30317   0.00000   1.00000   0.01000   0.18174   1.05498   6.36329   8.37368
   28.60  25.20000  25.20001   0.00000  25.20001   1.00000   0.00000  26.36481  18.22656   7.26386  25.49042   0.00000   1.00000   0.01000   0.18056   1.05496   6.37740   8.38800
   28.80  25.20000  25.20001   0.00000  25.20001   1.00000   0.00000  26.55272  18.39472   7.28246  25.67718   0.00000   1.00000   0.01000   0.17940   1.05493   6.39141   8.40221
   29.00  25.20000  25.20001   0.00000  25.20001   1.00000   0.00000  26.74011  18.56255   7.30090  25.86345   0.00000   1.00000   0.01000   0.17824   1.05491   6.40533   8.41633
   29.20  25.20000  25.20001   0.00000  25.20001   1.00000   0.00000  26.92699  18.73004   7.31916  26.04920   0.00000   1.00000   0.01000   0.17710   1.05488   6.41915   8.43034
   29.40  25.20000  25.20001   0.00000  25.20001   1.00000   0.00000  27.11333  18.89718   7.33727  26.23445   0.00000   1.00000   0.01000   0.17597   1.05486   6.43288   8.44426
   29.60  25.20000  25.20001   0.00000  25.20001   1.00000   0.00000  27.29915  19.06396   7.35521  26.41917   0.00000   1.00000   0.01000   0.17486   1.05484   6.44652   8.45809
   29.80  25.20000  25.20001   0.00000  25.20001   1.00000   0.00000  27.48441  19.23037   7.37299  26.60335   0.00000   1.00000   0.01000   0.17375   1.05482   6.46006   8.47182
   30.00  25.20000  25.20001   0.00000  25.20001   1.00000   0.00000  27.66913  19.39640   7.39061  26.78700   0.00000   1.00000   0.01000   0.17266   1.05479   6.47352   8.48546
   30.20  25.20000  25.20001   0.00000  25.20001   1.00000   0.00000  27.85329  19.56203   7.40807  26.97011   0.00000   1.00000   0.01000   0.17159   1.05477   6.48689   8.49900
   30.40  25.20000  25.20001   0.00000  25.20001   1.00000   0.00000  28.03689  19.72727   7.42539  27.15266   0.00000   1.00000   0.01000   0.17052   1.05475   6.50017   8.51246
   30.60  25.20000  25.20001   0.00000  25.20001   1.00000   0.00000  28.21991  19.89211   7.44255  27.33465   0.00000   1.00000   0.01000   0.16947   1.05473   6.51337   8.52583
   30.80  25.20000  25.20001   0.00000  25.20001   1.00000   0.00000  28.40236  20.05652   7.45956  27.51608   0.00000   1.00000   0.01000   0.16843   1.05471   6.52648   8.53911
   31.00  25.20000  25.20001   0.00000  25.20001   1.00000   0.00000  28.58423  20.22052   7.47642  27.69694   0.00000   1.00000   0.01000   0.16740   1.05469   6.53950   8.55230
   31.20  25.20000  25.20001   0.00000  25.20001   1.00000   0.00000  28.76551  20.38409   7.49314  27.87723   0.00000   1.00000   0.01000   0.16638   1.05466   6.55245   8.56541
   31.40  25.20000  25.20001   0.00000  25.20001   1.00000   0.00000  28.94620  20.54721   7.50972  28.05693   0.00000   1.00000   0.01000   0.16537   1.05464   6.56531   8.57843
   31.60  25.20000  25.20001   0.00000  25.20001   1.00000   0.00000  29.12630  20.70990   7.52615  28.23605   0.00000   1.00000   0.01000   0.16438   1.05462   6.57809   8.59137
   31.80  25.20000  25.20001   0.00000  25.20001   1.00000   0.00000  29.30580  20.87214   7.54245  28.41459   0.00000   1.00000   0.01000   0.16339   1.05460   6.59080   8.60423
   32.00  25.20000  25.20001   0.00000  25.20001   1.00000   0.00000  29.48469  21.03392   7.55861  28.59253   0.00000   1.00000   0.01000   0.16242   1.05458   6.60342   8.61700
   32.20  25.20000  25.20001   0.00000  25.20001   1.00000   0.00000  29.66298  21.19524   7.57463  28.76987   0.00000   1.00000   0.01000   0.16146   1.05456   6.61597   8.62970
   32.40  25.20000  25.20001   0.00000  25.20001   1.00000   0.00000  29.84066  21.35610   7.59052  28.94662   0.00000   1.00000   0.01000   0.16051   1.05454   6.62844   8.64231
   32.60  25.20000  25.20001   0.00000  25.20001   1.00000   0.00000  30.01772  21.51648   7.60628  29.12276   0.00000   1.00000   0.01000   0.15957   1.05453   6.64083   8.65485
   32.80  25.20000  25.20001   0.00000  25.20001   1.00000   0.00000  30.19417  21.67639   7.62191  29.29830   0.00000   1.00000   0.01000   0.15864   1.05451   6.65315   8.66731
   33.00  25.20000  25.20001   0.00000  25.20001   1.00000   0.00000  30.37000  21.83582   7.63741  29.47324   0.00000   1.00000   0.01000   0.15772   1.05449   6.66539   8.67970
   33.20  25.20000  25.20001   0.00000  25.20001   1.00000   0.00000  30.54521  21.99477   7.65278  29.64756   0.00000   1.00000   0.01000   0.15681   1.05447   6.67756   8.69200
   33.40  25.20000  25.20001   0.00000  25.20001   1.00000   0.00000  30.71981  22.15324   7.66803  29.82127   0.00000   1.00000   0.01000   0.15591   1.05445   6.68966   8.70424
   33.60  25.20000  25.20001   0.00000  25.20001   1.00000   0.00000  30.89377  22.31121   7.68316  29.99437   0.00000   1.00000   0.01000   0.15502   1.05443   6.70169   8.71640
   33.80  25.20000  25.20001   0.00000  25.20001   1.00000   0.00000  31.06712  22.46869   7.69816  30.16685   0.00000   1.00000   0.01000   0.15414   1.05441   6.71365   8.72848
   34.00  25.20000  25.20001   0.00000  25.20001   1.00000   0.00000  31.23984  22.62567   7.71305  30.33872   0.00000   1.00000   0.01000   0.15328   1.05440   6.72553   8.74050
   34.20  25.20000  25.20001   0.00000  25.20001   1.00000   0.00000  31.41193  22.78216   7.72781  30.50997   0.00000   1.00000   0.01000   0.15242   1.05438   6.73735   8.75244
   34.40  25.20000  25.20001   0.00000  25.20001   1.00000   0.00000  31.58340  22.93814   7.74246  30.68060   0.00000   1.00000   0.01000   0.15156   1.05436   6.74910   8.76432
   34.60  25.20000  25.20001   0.00000  25.20001   1.00000   0.00000  31.75423  23.09362   7.75699  30.85061   0.00000   1.00000   0.01000   0.15072   1.05434   6.76079   8.77612
   34.80  25.20000  25.20001   0.00000  25.20001   1.00000   0.00000  31.92444  23.24860   7.77141  31.02001   0.00000   1.00000   0.01000   0.14989   1.05433   6.77240   8.78786
   35.00  25.20000  25.20001   0.00000  25.20001   1.00000   0.00000  32.09402  23.40307   7.78571  31.18878   0.00000   1.00000   0.01000   0.14907   1.05431   6.78395   8.79953
   35.20  25.20000  25.20001   0.00000  25.20001   1.00000   0.00000  32.26298  23.55703   7.79991  31.35694   0.00000   1.00000   0.01000   0.14825   1.05429   6.79544   8.81113
   35.40  25.20000  25.20001   0.00000  25.20001   1.00000   0.00000  32.43130  23.71048   7.81399  31.52447   0.00000   1.00000   0.01000   0.14745   1.05428   6.80686   8.82266
   35.60  25.20000  25.20001   0.00000  25.20001   1.00000   0.00000  32.59900  23.86342   7.82797  31.69139   0.00000   1.00000   0.01000   0.14665   1.05426   6.81822   8.83413
   35.80  25.20000  25.20001   0.00000  25.20001   1.00000   0.00000  32.76607  24.01585   7.84184  31.85769   0.00000   1.00000   0.01000   0.14586   1.05424   6.82951   8.84553
   36.00  25.20000  25.20001   0.00000  25.20001   1.00000   0.00000  32.93251  24.16777   7.85560  32.02336   0.00000   1.00000   0.01000   0.14508   1.05423   6.84074   8.85687
   36.20  25.20000  25.20001   0.00000  25.20001   1.00000   0.00000  33.09833  24.31917   7.86926  32.18842   0.00000   1.00000   0.01000   0.14431   1.05421   6.85191   8.86815
   36.40  25.20000  25.20001   0.00000  25.20001   1.00000   0.00000  33.26352  24.47006   7.88281  32.35287   0.00000   1.00000   0.01000   0.14355   1.05420   6.86302   8.87937
   36.60  25.20000  25.20001   0.00000  25.20001   1.00000   0.00000  33.42808  24.62043   7.89626  32.51669   0.00000   1.00000   0.01000   0.14279   1.05418   6.87407   8.89052
   36.80  25.20000  25.20001   0.00000  25.20001   1.00000   0.00000  33.59203  24.77029   7.90962  32.67990   0.00000   1.00000   0.01000   0.14204   1.05417   6.88506   8.90161
   37.00  25.20000  25.20001   0.00000  25.20001   1.00000   0.00000  33.75535  24.91963   7.92287  32.84250   0.00000   1.00000   0.01000   0.14130   1.05415   6.89599   8.91264
   37.20  25.20000  25.20001   0.00000  25.20001   1.00000   0.00000  33.91805  25.06846   7.93602  33.00448   0.00000   1.00000   0.01000   0.14057   1.05414   6.90686   8.92361
   37.40  25.20000  25.20001   0.00000  25.20001   1.00000   0.00000  34.08013  25.21677   7.94908  33.16585   0.00000   1.00000   0.01000   0.13984   1.05412   6.91767   8.93452
   37.60  25.20000  25.20001   0.00000  25.20001   1.00000   0.00000  34.24159  25.36457   7.96204  33.32661   0.00000   1.00000   0.01000   0.13912   1.05411   6.92843   8.94537
   37.80  25.20000  25.20001   0.00000  25.20001   1.00000   0.00000  34.40244  25.51185   7.97490  33.48676   0.00000   1.00000   0.01000   0.13841   1.05409   6.93913   8.95617
   38.00  25.20000  25.20001   0.00000  25.20001   1.00000   0.00000  34.56267  25.65862   7.98768  33.64630   0.00000   1.00000   0.01000   0.13771   1.05408   6.94977   8.96690
   38.20  25.20000  25.20001   0.00000  25.20001   1.00000   0.00000  34.72229  25.80488   8.00036  33.80524   0.00000   1.00000   0.01000   0.13701   1.05406   6.96036   8.97758
   38.40  25.20000  25.20001   0.00000  25.20001   1.00000   0.00000  34.88129  25.95063   8.01294  33.96357   0.00000   1.00000   0.01000   0.13632   1.05405   6.97090   8.98821
   38.60  25.20000  25.20001   0.00000  25.20001   1.00000   0.00000  35.03969  26.09586   8.02544  34.12130   0.00000   1.00000   0.01000   0.13564   1.05403   6.98138   8.99877
   38.80  25.20000  25.20001   0.00000  25.20001   1.00000   0.00000  35.19748  26.24058   8.03785  34.27843   0.00000   1.00000   0.01000   0.13496   1.05402   6.99180   9.00929
   39.00  25.20000  25.20001   0.00000  25.20001   1.00000   0.00000  35.35466  26.38479   8.05017  34.43495   0.00000   1.00000   0.01000   0.13430   1.05401   7.00218   9.01975
   39.20  25.20000  25.20001   0.00000  25.20001   1.00000   0.00000  35.51125  26.52849   8.06240  34.59089   0.00000   1.00000   0.01000   0.13363   1.05399   7.01250   9.03015
   39.40  25.20000  25.20001   0.00000  25.20001   1.00000   0.00000  35.66723  26.67168   8.07454  34.74622   0.00000   1.00000   0.01000   0.13298   1.05398   7.02276   9.04050
   39.60  25.20000  25.20001   0.00000  25.20001   1.00000   0.00000  35.82261  26.81436   8.08660  34.90097   0.00000   1.00000   0.01000   0.13233   1.05397   7.03298   9.05080
   39.80  25.20000  25.20001   0.00000  25.20001   1.00000   0.00000  35.97739  26.95654   8.09858  35.05512   0.00000   1.00000   0.01000   0.13168   1.05395   7.04315   9.06105
   40.00  25.20000  25.20001   0.00000  25.20001   1.00000   0.00000  36.13158  27.09821   8.11047  35.20869   0.00000   1.00000   0.01000   0.13105   1.05394   7.05326   9.07124
   40.20  25.20000  25.20001   0.00000  25.20001   1.00000   0.00000  36.28517  27.23938   8.12228  35.36166   0.00000   1.00000   0.01000   0.13042   1.05393   7.06333   9.08138
   40.40  25.20000  25.20001   0.00000  25.20001   1.00000   0.00000  36.43818  27.38005   8.13401  35.51406   0.00000   1.00000   0.01000   0.12979   1.05391   7.07334   9.09148
   40.60  25.20000  25.20001   0.00000  25.20001   1.00000   0.00000  36.59060  27.52022   8.14565  35.66587   0.00000   1.00000   0.01000   0.12917   1.05390   7.08331   9.10152
   40.80  25.20000  25.20001   0.00000  25.20001   1.00000   0.00000  36.74243  27.65988   8.15722  35.81710   0.00000   1.00000   0.01000   0.12856   1.05389   7.09323   9.11151
   41.00  25.20000  25.20001   0.00000  25.20001   1.00000   0.00000  36.89368  27.79905   8.16871  35.96776   0.00000   1.00000   0.01000   0.12795   1.05388   7.10310   9.12145
   41.20  25.20000  25.20001   0.00000  25.20001   1.00000   0.00000  37.04436  27.93773   8.18012  36.11784   0.00000   1.00000   0.01000   0.12735   1.05386   7.11292   9.13135
   41.40  25.20000  25.20001   0.00000  25.20001   1.00000   0.00000  37.19445  28.07590   8.19145  36.26735   0.00000   1.00000   0.01000   0.12675   1.05385   7.12269   9.14119
   41.60  25.20000  25.20001   0.00000  25.20001   1.00000   0.00000  37.34397  28.21359   8.20270  36.41629   0.00000   1.00000   0.01000   0.12616   1.05384   7.13242   9.15099
   41.80  25.20000  25.20001   0.00000  25.20001   1.00000   0.00000  37.49291  28.35078   8.21388  36.56467   0.00000   1.00000   0.01000   0.12558   1.05383   7.14210   9.16074
   42.00  25.20000  25.20001   0.00000  25.20001   1.00000   0.00000  37.64129  28.48748   8.22499  36.71248   0.00000   1.00000   0.01000   0.12500   1.05381   7.15174   9.17045
   42.20  25.20000  25.20001   0.00000  25.20001   1.00000   0.00000  37.78910  28.62370   8.23602  36.85972   0.00000   1.00000   0.01000   0.12443   1.05380   7.16133   9.18010
   42.40  25.20000  25.20001   0.00000  25.20001   1.00000   0.00000  37.93634  28.75943   8.24698  37.00641   0.00000   1.00000   0.01000   0.12386   1.05379   7.17087   9.18972
   42.60  25.20000  25.20001   0.00000  25.20001   1.00000   0.00000  38.08303  28.89467   8.25786  37.15254   0.00000   1.00000   0.01000   0.12329   1.05378   7.18037   9.19928
   42.80  25.20000  25.20001   0.00000  25.20001   1.00000   0.00000  38.22915  29.02944   8.26868  37.29812   0.00000   1.00000   0.01000   0.12273   1.05377   7.18983   9.20880
   43.00  25.20000  25.20001   0.00000  25.20001   1.00000   0.00000  38.37472  29.16372   8.27942  37.44314   0.00000   1.00000   0.01000   0.12218   1.05376   7.19924   9.21828
   43.20  25.20000  25.20001   0.00000  25.20001   1.00000   0.00000  38.51973  29.29752   8.29009  37.58762   0.00000   1.00000   0.01000   0.12163   1.05374   7.20861   9.22771
   43.40  25.20000  25.20001   0.00000  25.20001   1.00000   0.00000  38.66419  29.43085   8.30070  37.73155   0.00000   1.00000   0.01000   0.12109   1.05373   7.21794   9.23710
   43.60  25.20000  25.20001   0.00000  25.20001   1.00000   0.00000  38.80810  29.56370   8.31123  37.87493   0.00000   1.00000   0.01000   0.12055   1.05372   7.22722   9.24644
   43.80  25.20000  25.20001   0.00000  25.20001   1.00000   0.00000  38.95147  29.69608   8.32170  38.01778   0.00000   1.00000   0.01000   0.12002   1.05371   7.23646   9.25574
   44.00  25.20000  25.20001   0.00000  25.20001   1.00000   0.00000  39.09430  29.82799   8.33210  38.16008   0.00000   1.00000   0.01000   0.11949   1.05370   7.24566   9.26500
   44.20  25.20000  25.20001   0.00000  25.20001   1.00000   0.00000  39.23658  29.95943   8.34243  38.30186   0.00000   1.00000   0.01000   0.11896   1.05369   7.25482   9.27422
   44.40  25.20000  25.20001   0.00000  25.20001   1.00000   0.00000  39.37833  30.09040   8.35270  38.44310   0.00000   1.00000   0.01000   0.11844   1.05368   7.26394   9.28339
   44.60  25.20000  25.20001   0.00000  25.20001   1.00000   0.00000  39.51954  30.22090   8.36290  38.58380   0.00000   1.00000   0.01000   0.11793   1.05367   7.27301   9.29252
   44.80  25.20000  25.20001   0.00000  25.20001   1.00000   0.00000  39.66023  30.35095   8.37304  38.72399   0.00000   1.00000   0.01000   0.11742   1.05366   7.28205   9.30161
   45.00  25.20000  25.20001   0.00000  25.20001   1.00000   0.00000  39.80038  30.48053   8.38311  38.86364   0.00000   1.00000   0.01000   0.11691   1.05365   7.29105   9.31067
   45.20  25.20000  25.20001   0.00000  25.20001   1.00000   0.00000  39.94001  30.60966   8.39312  39.00278   0.00000   1.00000   0.01000   0.11641   1.05364   7.30000   9.31968
   45.40  25.20000  25.20001   0.00000  25.20001   1.00000   0.00000  40.07911  30.73833   8.40307  39.14139   0.00000   1.00000   0.01000   0.11591   1.05363   7.30892   9.32865
   45.60  25.20000  25.20001   0.00000  25.20001   1.00000   0.00000  40.21769  30.86654   8.41295  39.27949   0.00000   1.00000   0.01000   0.11542   1.05362   7.31780   9.33758
   45.80  25.20000  25.20001   0.00000  25.20001   1.00000   0.00000  40.35576  30.99430   8.42278  39.41708   0.00000   1.00000   0.01000   0.11493   1.05361   7.32664   9.34647
   46.00  25.20000  25.20001   0.00000  25.20001   1.00000   0.00000  40.49331  31.12161   8.43254  39.55415   0.00000   1.00000   0.01000   0.11444   1.05360   7.33544   9.35532
   46.20  25.20000  25.20001   0.00000  25.20001   1.00000   0.00000  40.63034  31.24848   8.44224  39.69072   0.00000   1.00000   0.01000   0.11396   1.05359   7.34420   9.36413
   46.40  25.20000  25.20001   0.00000  25.20001   1.00000   0.00000  40.76687  31.37490   8.45189  39.82678   0.00000   1.00000   0.01000   0.11349   1.05358   7.35293   9.37291
   46.60  25.20000  25.20001   0.00000  25.20001   1.00000   0.00000  40.90289  31.50087   8.46147  39.96234   0.00000   1.00000   0.01000   0.11301   1.05357   7.36161   9.38164
   46.80  25.20000  25.20001   0.00000  25.20001   1.00000   0.00000  41.03841  31.62640   8.47100  40.09740   0.00000   1.00000   0.01000   0.11254   1.05356   7.37027   9.39034
   47.00  25.20000  25.20001   0.00000  25.20001   1.00000   0.00000  41.17343  31.75149   8.48047  40.23196   0.00000   1.00000   0.01000   0.11208   1.05355   7.37888   9.39900
   47.20  25.20000  25.20001   0.00000  25.20001   1.00000   0.00000  41.30794  31.87615   8.48988  40.36603   0.00000   1.00000   0.01000   0.11162   1.05354   7.38746   9.40763
   47.40  25.20000  25.20001   0.00000  25.20001   1.00000   0.00000  41.44197  32.00037   8.49923  40.49960   0.00000   1.00000   0.01000   0.11116   1.05353   7.39600   9.41622
   47.60  25.20000  25.20001   0.00000  25.20001   1.00000   0.00000  41.57550  32.12416   8.50853  40.63269   0.00000   1.00000   0.01000   0.11071   1.05352   7.40451   9.42477
   47.80  25.20000  25.20001   0.00000  25.20001   1.00000   0.00000  41.70853  32.24751   8.51777  40.76528   0.00000   1.00000   0.01000   0.11026   1.05351   7.41298   9.43328
   48.00  25.20000  25.20001   0.00000  25.20001   1.00000   0.00000  41.84109  32.37044   8.52696  40.89740   0.00000   1.00000   0.01000   0.10981   1.05350   7.42141   9.44176
   48.20  25.20000  25.20001   0.00000  25.20001   1.00000   0.00000  41.97315  32.49294   8.53609  41.02903   0.00000   1.00000   0.01000   0.10937   1.05349   7.42981   9.45021
   48.40  25.20000  25.20001   0.00000  25.20001   1.00000   0.00000  42.10474  32.61501   8.54517  41.16019   0.00000   1.00000   0.01000   0.10893   1.05348   7.43818   9.45862
   48.60  25.20000  25.20001   0.00000  25.20001   1.00000   0.00000  42.23584  32.73667   8.55420  41.29087   0.00000   1.00000   0.01000   0.10850   1.05347   7.44651   9.46699
   48.80  25.20000  25.20001   0.00000  25.20001   1.00000   0.00000  42.36647  32.85790   8.56317  41.42107   0.00000   1.00000   0.01000   0.10806   1.05346   7.45481   9.47533
   49.00  25.20000  25.20001   0.00000  25.20001   1.00000   0.00000  42.49663  32.97872   8.57209  41.55081   0.00000   1.00000   0.01000   0.10764   1.05346   7.46307   9.48364
   49.20  25.20000  25.20001   0.00000  25.20001   1.00000   0.00000  42.62631  33.09912   8.58096  41.68007   0.00000   1.00000   0.01000   0.10721   1.05345   7.47130   9.49191
   49.40  25.20000  25.20001   0.00000  25.20001   1.00000   0.00000  42.75552  33.21910   8.58977  41.80888   0.00000   1.00000   0.01000   0.10679   1.05344   7.47950   9.50014
   49.60  25.20000  25.20001   0.00000  25.20001   1.00000   0.00000  42.88427  33.33868   8.59854  41.93721   0.00000   1.00000   0.01000   0.10637   1.05343   7.48767   9.50835
   49.80  25.20000  25.20001   0.00000  25.20001   1.00000   0.00000  43.01256  33.45784   8.60725  42.06509   0.00000   1.00000   0.01000   0.10596   1.05342   7.49580   9.51652
   50.00  25.20000  25.20001   0.00000  25.20001   1.00000   0.00000  43.14038  33.57660   8.61592  42.19251   0.00000   1.00000   0.01000   0.10554   1.05341   7.50390   9.52465
