 # time xi v(ivmax) Energy_max E(ivmax) ne(ivmax) ni(ivmax) ni(0) nhot(0) ncold(0) lDebye lgrade lgradi ivmax idebut(ivmax)
    0.00     0.00000 0.0000  0.00000.85776 0.3678797 1.00000001.0000001.0000000.000000   1.64872   1.16582   0.00000  2450  2450
    0.20     0.01716 0.1713  0.01470.85462 0.3651897 0.98751561.0000001.0000000.000000   1.65478   1.17011 -35.47285  2450  2450
    0.40     0.06850 0.3415  0.05830.84539 0.3573408 0.95193431.0000001.0000000.000000   1.67286   1.18289  39.20222  2450  2450
    0.60     0.15365 0.5092  0.12960.83061 0.3449533 0.89820791.0000001.0000000.000000   1.70263   1.20394   8.13640  2450  2450
    0.80     0.27203 0.6735  0.22680.81109 0.3289342 0.83277731.0000001.0000000.000000   1.74359   1.23291   6.38433  2450  2450
    1.00     0.42285 0.8335  0.34730.78782 0.3103286 0.76191961.0000001.0000000.000000   1.79510   1.26933  10.12820  2450  2450
    1.20     0.60519 0.9885  0.48860.76181 0.2901769 0.69067651.0000001.0000000.000000   1.85639   1.31267  19.63203  2450  2450
    1.40     0.81800 1.1381  0.64770.73404 0.2694064 0.62249771.0000001.0000000.000000   1.92662   1.36233  62.49069  2450  2450
    1.60     1.06017 1.2821  0.82190.70536 0.2487695 0.55937941.0000001.0000000.000000   2.00494   1.41771 -38.88116  2450  2450
    1.80     1.33055 1.4203  1.00860.67650 0.2288244 0.50221721.0000001.0000000.000000   2.09049   1.47821 -23.81734  2450  2450
    2.00     1.62800 1.5527  1.20550.64799 0.2099464 0.45117801.0000001.0000000.000000   2.18246   1.54323 -18.80129  2450  2450
    2.20     1.95136 1.6795  1.41040.62025 0.1923570 0.40599951.0000001.0000000.000000   2.28006   1.61225 -21.85705  2450  2450
    2.40     2.29954 1.8009  1.62160.59356 0.1761581 0.36620081.0000001.0000000.000000   2.38259   1.68475 -26.81500  2450  2450
    2.60     2.67146 1.9170  1.83750.56809 0.1613658 0.33121501.0000001.0000000.000000   2.48940   1.76027 -57.20591  2450  2450
    2.80     3.06610 2.0282  2.05680.54395 0.1479381 0.30046791.0000001.0000000.000000   2.59992   1.83843 242.92321  2450  2450
    3.00     3.48249 2.1347  2.27840.52115 0.1357979 0.27341791.0000001.0000000.000000   2.71365   1.91884  55.57331  2450  2450
    3.20     3.91974 2.2367  2.50150.49970 0.1248486 0.24957571.0000001.0000000.000000   2.83014   2.00122  33.49578  2450  2450
    3.40     4.37697 2.3346  2.72520.47955 0.1149860 0.22850951.0000001.0000000.000000   2.94902   2.08528  26.17332  2450  2450
    3.60     4.85339 2.4286  2.94910.46066 0.1061054 0.20984411.0000001.0000000.000000   3.06995   2.17079  20.76705  2450  2450
    3.80     5.34823 2.5189  3.17250.44296 0.0981062 0.19325631.0000001.0000000.000000   3.19265   2.25755  18.31554  2450  2450
    4.00     5.86079 2.6058  3.39520.42637 0.0908945 0.17846941.0000001.0000000.000000   3.31689   2.34540  16.72426  2450  2450
    4.20     6.39040 2.6895  3.61680.41082 0.0843847 0.16524671.0000001.0000000.000000   3.44245   2.43419  15.78070  2450  2450
    4.40     6.93645 2.7702  3.83710.39623 0.0784992 0.15338641.0000001.0000000.000000   3.56917   2.52379  15.31513  2450  2450
    4.60     7.49834 2.8481  4.05580.38254 0.0731688 0.14271561.0000001.0000000.000000   3.69689   2.61411  14.85458  2450  2450
    4.80     8.07554 2.9233  4.27280.36968 0.0683322 0.13308681.0000001.0000000.000000   3.82549   2.70504  14.55672  2450  2450
    5.00     8.66753 2.9960  4.48800.35759 0.0639347 0.12437341.0000001.0000000.000000   3.95486   2.79652  14.36024  2450  2450
    5.20     9.27381 3.0663  4.70120.34620 0.0599286 0.11646661.0000001.0000000.000000   4.08492   2.88848  14.22802  2450  2450
    5.40     9.89395 3.1345  4.91250.33547 0.0562714 0.10927271.0000001.0000000.000000   4.21557   2.98087  14.19815  2450  2450
    5.60    10.52751 3.2006  5.12180.32535 0.0529261 0.10271071.0000000.9999990.000000   4.34676   3.07363  14.22996  2450  2450
    5.80    11.17408 3.2647  5.32900.31578 0.0498598 0.09671041.0000000.9999990.000000   4.47842   3.16674  14.33031  2450  2450
    6.00    11.83328 3.3269  5.53410.30674 0.0470437 0.09121111.0000000.9999990.000000   4.61051   3.26014  14.50645  2450  2450
    6.20    12.50475 3.3874  5.73720.29817 0.0444524 0.08615951.0000000.9999990.000000   4.74299   3.35382  14.70392  2450  2450
    6.40    13.18814 3.4462  5.93810.29005 0.0420635 0.08150920.9999990.9999980.000000   4.87582   3.44774  14.93269  2450  2450
    6.60    13.88314 3.5034  6.13700.28234 0.0398570 0.07721960.9999990.9999980.000000   5.00896   3.54189  15.20095  2450  2450
    6.80    14.58944 3.5591  6.33380.27501 0.0378155 0.07325500.9999990.9999970.000000   5.14239   3.63623  15.46843  2450  2450
    7.00    15.30673 3.6134  6.52850.26804 0.0359234 0.06958370.9999990.9999970.000000   5.27608   3.73077  15.71892  2450  2450
    7.20    16.03474 3.6664  6.72120.26141 0.0341667 0.06617800.9999980.9999960.000000   5.41001   3.82548  15.98828  2450  2450
    7.40    16.77321 3.7180  6.91180.25508 0.0325332 0.06301320.9999980.9999950.000000   5.54417   3.92034  16.23878  2450  2450
    7.60    17.52189 3.7684  7.10050.24905 0.0310119 0.06006740.9999970.9999940.000000   5.67853   4.01535  16.48510  2450  2450
    7.80    18.28052 3.8177  7.28720.24328 0.0295929 0.05732110.9999970.9999920.000000   5.81308   4.11049  16.74135  2450  2450
    8.00    19.04889 3.8658  7.47200.23777 0.0282675 0.05475680.9999960.9999910.000000   5.94780   4.20576  17.02814  2450  2450
    8.20    19.82677 3.9128  7.65490.23250 0.0270277 0.05235910.9999950.9999890.000000   6.08269   4.30114  17.31889  2450  2450
    8.40    20.61395 3.9588  7.83590.22745 0.0258664 0.05011380.9999930.9999860.000000   6.21773   4.39663  17.61299  2450  2450
    8.60    21.41022 4.0038  8.01510.22261 0.0247773 0.04800860.9999920.9999830.000000   6.35292   4.49222  17.88427  2450  2450
    8.80    22.21540 4.0478  8.19240.21797 0.0237545 0.04603210.9999900.9999790.000000   6.48824   4.58791  18.14751  2450  2450
    9.00    23.02930 4.0910  8.36800.21351 0.0227930 0.04417400.9999870.9999750.000000   6.62368   4.68368  18.41672  2450  2450
    9.20    23.85174 4.1332  8.54180.20923 0.0218879 0.04242530.9999840.9999690.000000   6.75925   4.77954  18.70373  2450  2450
    9.40    24.68255 4.1747  8.71390.20511 0.0210349 0.04077750.9999810.9999630.000000   6.89492   4.87548  18.99162  2450  2450
    9.60    25.52156 4.2153  8.88430.20115 0.0202303 0.03922320.9999770.9999550.000000   7.03070   4.97149  19.28364  2450  2450
    9.80    26.36862 4.2551  9.05300.19733 0.0194704 0.03775530.9999720.9999460.000000   7.16658   5.06757  19.58739  2450  2450
   10.00    27.22357 4.2942  9.22020.19366 0.0187521 0.03636770.9999660.9999360.000000   7.30256   5.16372  19.90517  2450  2450
   10.20    28.08627 4.3326  9.38570.19012 0.0180724 0.03505470.9999580.9999230.000000   7.43862   5.25994  20.23468  2450  2450
   10.40    28.95657 4.3703  9.54960.18670 0.0174285 0.03381100.9999500.9999090.000000   7.57477   5.35621  20.56337  2450  2450
   10.60    29.83434 4.4073  9.71200.18340 0.0168182 0.03263180.9999390.9998910.000000   7.71100   5.45254  20.89948  2450  2450
   10.80    30.71945 4.4436  9.87300.18022 0.0162390 0.03151290.9999270.9998710.000000   7.84731   5.54893  21.23233  2450  2450
   11.00    31.61177 4.4794 10.03240.17714 0.0156889 0.03045020.9999130.9998480.000000   7.98369   5.64537  21.56874  2450  2450
   11.20    32.51117 4.5145 10.19030.17416 0.0151660 0.02944000.9998950.9998200.000000   8.12015   5.74186  21.90591  2450  2450
   11.40    33.41754 4.5490 10.34690.17128 0.0146687 0.02847900.9998750.9997880.000000   8.25667   5.83839  22.24618  2450  2450
   11.60    34.33076 4.5830 10.50200.16849 0.0141951 0.02756390.9998520.9997510.000000   8.39325   5.93497  22.59097  2450  2450
   11.80    35.25071 4.6164 10.65580.16579 0.0137440 0.02669200.9998240.9997080.000000   8.52990   6.03160  22.93458  2450  2450
   12.00    36.17730 4.6493 10.80820.16318 0.0133138 0.02586060.9997920.9996590.000000   8.66661   6.12827  23.28149  2450  2450
   12.20    37.11042 4.6817 10.95920.16064 0.0129033 0.02506720.9997540.9996020.000000   8.80337   6.22498  23.62881  2450  2450
   12.40    38.04997 4.7136 11.10900.15819 0.0125114 0.02430960.9997110.9995370.000000   8.94019   6.32172  23.98018  2450  2450
   12.60    38.99584 4.7450 11.25750.15580 0.0121369 0.02358560.9996600.9994620.000000   9.07706   6.41851  24.33328  2450  2450
   12.80    39.94794 4.7759 11.40470.15349 0.0117789 0.02289340.9996020.9993760.000000   9.21399   6.51533  24.68766  2450  2450
   13.00    40.90618 4.8064 11.55070.15124 0.0114364 0.02223090.9995340.9992780.000000   9.35096   6.61218  25.04384  2450  2450
   13.20    41.87047 4.8364 11.69550.14905 0.0111084 0.02159670.9994560.9991660.000000   9.48798   6.70907  25.40436  2450  2450
   13.40    42.84073 4.8660 11.83910.14693 0.0107943 0.02098910.9993670.9990390.000000   9.62504   6.80599  25.76265  2450  2450
   13.60    43.81686 4.8952 11.98150.14487 0.0104932 0.02040670.9992640.9988960.000000   9.76215   6.90295  26.11876  2450  2450
   13.80    44.79878 4.9240 12.12270.14286 0.0102045 0.01984810.9991470.9987330.000000   9.89930   6.99993  26.47467  2450  2450
   14.00    45.78643 4.9523 12.26280.14091 0.0099274 0.01931200.9990130.9985490.000000  10.03650   7.09694  26.83086  2450  2450
   14.20    46.77970 4.9803 12.40180.13901 0.0096614 0.01879720.9988610.9983420.000000  10.17373   7.19398  27.18789  2450  2450
   14.40    47.77854 5.0079 12.53980.13716 0.0094058 0.01830260.9986880.9981090.000000  10.31100   7.29105  27.54859  2450  2450
   14.60    48.78286 5.0352 12.67660.13535 0.0091603 0.01782720.9984920.9978470.000000  10.44832   7.38815  27.90945  2450  2450
   14.80    49.79260 5.0621 12.81240.13360 0.0089241 0.01737000.9982700.9975540.000000  10.58566   7.48527  28.26974  2450  2450
   15.00    50.80768 5.0886 12.94710.13189 0.0086969 0.01693010.9980200.9972260.000000  10.72304   7.58241  28.63023  2450  2450
   15.20    51.82804 5.1148 13.08080.13022 0.0084782 0.01650660.9977380.9968610.000000  10.86046   7.67958  28.99026  2450  2450
   15.40    52.85360 5.1407 13.21350.12859 0.0082676 0.01609880.9974210.9964540.000000  10.99791   7.77678  29.35177  2450  2450
   15.60    53.88431 5.1663 13.34520.12700 0.0080647 0.01570580.9970660.9960020.000000  11.13539   7.87400  29.71434  2450  2450
   15.80    54.92010 5.1915 13.47600.12545 0.0078692 0.01532690.9966690.9955020.000000  11.27291   7.97124  30.07679  2450  2450
   16.00    55.96091 5.2165 13.60580.12394 0.0076806 0.01496160.9962260.9949480.000000  11.41045   8.06850  30.43924  2450  2450
   16.20    57.00667 5.2411 13.73460.12246 0.0074987 0.01460910.9957320.9943360.000000  11.54803   8.16578  30.80381  2450  2450
   16.40    58.05733 5.2655 13.86250.12102 0.0073231 0.01426890.9951830.9936620.000000  11.68564   8.26308  31.16744  2450  2450
   16.60    59.11284 5.2895 13.98950.11961 0.0071536 0.01394040.9945740.9929210.000000  11.82327   8.36041  31.53189  2450  2450
   16.80    60.17313 5.3133 14.11560.11824 0.0069899 0.01362300.9939000.9921080.000000  11.96093   8.45775  31.89640  2450  2450
   17.00    61.23814 5.3368 14.24080.11689 0.0068317 0.01331630.9931560.9912170.000000  12.09862   8.55511  32.26111  2450  2450
   17.20    62.30784 5.3601 14.36510.11557 0.0066788 0.01301990.9923360.9902440.000000  12.23633   8.65249  32.62717  2450  2450
   17.40    63.38215 5.3830 14.48860.11429 0.0065309 0.01273310.9914340.9891830.000000  12.37407   8.74989  32.99305  2450  2450
   17.60    64.46104 5.4058 14.61120.11303 0.0063879 0.01245570.9904450.9880280.000000  12.51184   8.84731  33.36109  2450  2450
   17.80    65.54445 5.4283 14.73300.11180 0.0062495 0.01218730.9893630.9867740.000000  12.64963   8.94475  33.73082  2450  2450
   18.00    66.63233 5.4505 14.85400.11059 0.0061155 0.01192740.9881800.9854150.000000  12.78744   9.04220  34.10117  2450  2450
   18.20    67.72464 5.4725 14.97410.10941 0.0059858 0.01167570.9868910.9839440.000000  12.92528   9.13967  34.47201  2450  2450
   18.40    68.82132 5.4943 15.09350.10826 0.0058601 0.01143180.9854900.9823570.000000  13.06314   9.23715  34.84393  2450  2450
   18.60    69.92233 5.5158 15.21200.10713 0.0057383 0.01119550.9839690.9806480.000000  13.20103   9.33465  35.21585  2450  2450
   18.80    71.02763 5.5371 15.32980.10602 0.0056203 0.01096640.9823230.9788110.000000  13.33893   9.43217  35.58903  2450  2450
   19.00    72.13717 5.5582 15.44690.10494 0.0055058 0.01074430.9805450.9768400.000000  13.47686   9.52970  35.96147  2450  2450
   19.20    73.25090 5.5791 15.56310.10387 0.0053948 0.01052880.9786280.9747300.000000  13.61481   9.62725  36.33453  2450  2450
   19.40    74.36879 5.5998 15.67870.10283 0.0052871 0.01031970.9765670.9724760.000000  13.75278   9.72481  36.70821  2450  2450
   19.60    75.49079 5.6202 15.79350.10181 0.0051826 0.01011670.9743550.9700740.000000  13.89077   9.82239  37.08357  2450  2450
   19.80    76.61687 5.6405 15.90750.10081 0.0050811 0.00991970.9719880.9675180.000000  14.02878   9.91998  37.45952  2450  2450
   20.00    77.74698 5.6605 16.02090.09983 0.0049826 0.00972830.9694590.9648040.000000  14.16681  10.01758  37.83638  2450  2450
   20.20    78.88108 5.6804 16.13360.09886 0.0048869 0.00954240.9667630.9619290.000000  14.30486  10.11520  38.21434  2450  2450
   20.40    80.01914 5.7001 16.24550.09792 0.0047939 0.00936180.9638970.9588890.000000  14.44293  10.21283  38.59260  2450  2450
   20.60    81.16111 5.7196 16.35680.09699 0.0047035 0.00918620.9608550.9556810.000000  14.58102  10.31048  38.97015  2450  2450
   20.80    82.30696 5.7389 16.46740.09608 0.0046157 0.00901550.9576350.9523030.000000  14.71912  10.40813  39.34820  2450  2450
   21.00    83.45666 5.7580 16.57740.09519 0.0045303 0.00884950.9542340.9487530.000000  14.85724  10.50581  39.72595  2450  2450
   21.20    84.61016 5.7770 16.68670.09431 0.0044472 0.00868810.9506490.9450300.000000  14.99538  10.60349  40.10459  2450  2450
   21.40    85.76743 5.7957 16.79530.09345 0.0043664 0.00853100.9468790.9411330.000000  15.13354  10.70118  40.48364  2450  2450
   21.60    86.92845 5.8143 16.90330.09260 0.0042877 0.00837810.9429230.9370610.000000  15.27171  10.79889  40.86307  2450  2450
   21.80    88.09316 5.8328 17.01070.09177 0.0042111 0.00822930.9387810.9328170.000000  15.40990  10.89661  41.24263  2450  2450
   22.00    89.26155 5.8511 17.11740.09096 0.0041366 0.00808430.9344530.9284000.000000  15.54811  10.99434  41.62143  2450  2450
   22.20    90.43358 5.8692 17.22360.09016 0.0040640 0.00794320.9299400.9238130.000000  15.68633  11.09208  42.00078  2450  2450
   22.40    91.60921 5.8871 17.32910.08937 0.0039933 0.00780570.9252460.9190580.000000  15.82457  11.18983  42.38061  2450  2450
   22.60    92.78842 5.9049 17.43400.08859 0.0039245 0.00767180.9203710.9141370.000000  15.96283  11.28759  42.76027  2450  2450
   22.80    93.97117 5.9226 17.53830.08783 0.0038574 0.00754130.9153210.9090560.000000  16.10110  11.38537  43.13991  2450  2450
   23.00    95.15743 5.9400 17.64210.08709 0.0037919 0.00741400.9101000.9038180.000000  16.23938  11.48315  43.51980  2450  2450
   23.20    96.34718 5.9574 17.74530.08635 0.0037282 0.00728990.9047110.8984270.000000  16.37768  11.58095  43.90009  2450  2450
   23.40    97.54038 5.9746 17.84790.08563 0.0036660 0.00716900.8991610.8928900.000000  16.51600  11.67876  44.28042  2450  2450
   23.60    98.73701 5.9916 17.94990.08492 0.0036053 0.00705100.8934560.8872110.000000  16.65432  11.77657  44.66109  2450  2450
   23.80    99.93704 6.0086 18.05140.08422 0.0035462 0.00693580.8876030.8813980.000000  16.79267  11.87440  45.04189  2450  2450
   24.00   101.14043 6.0253 18.15230.08353 0.0034885 0.00682350.8816090.8754560.000000  16.93102  11.97223  45.42288  2450  2450
   24.20   102.34716 6.0420 18.25270.08285 0.0034321 0.00671390.8754810.8693930.000000  17.06939  12.07008  45.80382  2450  2450
   24.40   103.55721 6.0585 18.35250.08218 0.0033772 0.00660680.8692270.8632160.000000  17.20778  12.16793  46.18487  2450  2450
   24.60   104.77054 6.0748 18.45190.08153 0.0033235 0.00650240.8628570.8569330.000000  17.34617  12.26580  46.56626  2450  2450
   24.80   105.98714 6.0911 18.55070.08088 0.0032711 0.00640030.8563770.8505510.000000  17.48458  12.36367  46.94781  2450  2450
   25.00   107.20697 6.1072 18.64890.08025 0.0032199 0.00630070.8497980.8440780.000000  17.62301  12.46156  47.32969  2450  2450
   25.20   108.43001 6.1232 18.74670.07962 0.0031699 0.00620330.8431270.8375220.000000  17.76144  12.55945  47.71162  2450  2450
   25.40   109.65624 6.1390 18.84390.07901 0.0031210 0.00610820.8363750.8308910.000000  17.89989  12.65735  48.09339  2450  2450
   25.60   110.88562 6.1548 18.94070.07840 0.0030733 0.00601520.8295490.8241930.000000  18.03835  12.75526  48.47520  2450  2450
   25.80   112.11815 6.1704 19.03700.07780 0.0030267 0.00592440.8226590.8174360.000000  18.17682  12.85318  48.85691  2450  2450
   26.00   113.35378 6.1859 19.13270.07721 0.0029811 0.00583550.8157130.8106280.000000  18.31531  12.95111  49.23886  2450  2450
   26.20   114.59250 6.2013 19.22800.07664 0.0029365 0.00574870.8087210.8037780.000000  18.45381  13.04904  49.62073  2450  2450
   26.40   115.83429 6.2166 19.32280.07606 0.0028929 0.00566380.8016900.7968910.000000  18.59232  13.14699  50.00313  2450  2450
   26.60   117.07912 6.2317 19.41720.07550 0.0028503 0.00558070.7946300.7899760.000000  18.73084  13.24494  50.38530  2450  2450
   26.80   118.32698 6.2468 19.51100.07495 0.0028086 0.00549950.7875470.7830410.000000  18.86937  13.34290  50.76733  2450  2450
   27.00   119.57782 6.2617 19.60440.07440 0.0027678 0.00542000.7804500.7760920.000000  19.00791  13.44087  51.14946  2450  2450
   27.20   120.83165 6.2765 19.69740.07386 0.0027279 0.00534220.7733460.7691350.000000  19.14646  13.53884  51.53164  2450  2450
   27.40   122.08843 6.2912 19.78990.07333 0.0026888 0.00526600.7662430.7621780.000000  19.28503  13.63683  51.91356  2450  2450
   27.60   123.34814 6.3059 19.88190.07281 0.0026506 0.00519150.7591460.7552270.000000  19.42361  13.73482  52.29549  2450  2450
   27.80   124.61077 6.3204 19.97350.07229 0.0026132 0.00511860.7520630.7482880.000000  19.56219  13.83282  52.67730  2450  2450
   28.00   125.87629 6.3348 20.06470.07178 0.0025765 0.00504710.7450000.7413650.000000  19.70079  13.93082  53.05939  2450  2450
   28.20   127.14467 6.3491 20.15540.07128 0.0025406 0.00497720.7379610.7344650.000000  19.83940  14.02884  53.44169  2450  2450
   28.40   128.41591 6.3633 20.24570.07079 0.0025055 0.00490870.7309530.7275930.000000  19.97802  14.12686  53.82398  2450  2450
   28.60   129.68998 6.3774 20.33560.07030 0.0024711 0.00484160.7239810.7207530.000000  20.11664  14.22489  54.20636  2450  2450
   28.80   130.96687 6.3914 20.42510.06982 0.0024374 0.00477580.7170490.7139490.000000  20.25528  14.32292  54.58874  2450  2450
   29.00   132.24654 6.4053 20.51410.06934 0.0024044 0.00471140.7101610.7071850.000000  20.39393  14.42097  54.97112  2450  2450
   29.20   133.52899 6.4191 20.60270.06888 0.0023720 0.00464830.7033210.7004660.000000  20.53259  14.51902  55.35338  2450  2450
   29.40   134.81420 6.4329 20.69100.06841 0.0023403 0.00458640.6965320.6937950.000000  20.67126  14.61707  55.73558  2450  2450
   29.60   136.10214 6.4465 20.77880.06796 0.0023092 0.00452580.6897990.6871750.000000  20.80994  14.71514  56.11795  2450  2450
   29.80   137.39280 6.4601 20.86620.06751 0.0022787 0.00446630.6831240.6806080.000000  20.94862  14.81321  56.50022  2450  2450
   30.00   138.68616 6.4735 20.95320.06706 0.0022488 0.00440800.6765090.6740980.000000  21.08732  14.91129  56.88257  2450  2450
   30.20   139.98220 6.4869 21.03990.06663 0.0022195 0.00435090.6699570.6676460.000000  21.22603  15.00937  57.26480  2450  2450
   30.40   141.28091 6.5002 21.12610.06619 0.0021908 0.00429480.6634700.6612560.000000  21.36474  15.10746  57.64701  2450  2450
   30.60   142.58227 6.5134 21.21200.06577 0.0021626 0.00423980.6570500.6549280.000000  21.50347  15.20556  58.02935  2450  2450
   30.80   143.88625 6.5265 21.29740.06535 0.0021350 0.00418590.6506980.6486640.000000  21.64220  15.30366  58.41186  2450  2450
   31.00   145.19285 6.5395 21.38260.06493 0.0021079 0.00413300.6444160.6424670.000000  21.78094  15.40177  58.79450  2450  2450
   31.20   146.50205 6.5524 21.46730.06452 0.0020813 0.00408110.6382050.6363360.000000  21.91969  15.49989  59.17707  2450  2450
   31.40   147.81383 6.5653 21.55170.06411 0.0020552 0.00403010.6320650.6302730.000000  22.05845  15.59801  59.55993  2450  2450
   31.60   149.12817 6.5781 21.63570.06371 0.0020296 0.00398010.6259980.6242790.000000  22.19722  15.69614  59.94280  2450  2450
   31.80   150.44506 6.5908 21.71930.06332 0.0020044 0.00393100.6200050.6183550.000000  22.33600  15.79427  60.32596  2450  2450
   32.00   151.76449 6.6034 21.80260.06292 0.0019797 0.00388280.6140840.6125020.000000  22.47478  15.89241  60.70917  2450  2450
   32.20   153.08643 6.6160 21.88550.06254 0.0019555 0.00383550.6082380.6067180.000000  22.61358  15.99056  61.09252  2450  2450
   32.40   154.41087 6.6284 21.96810.06216 0.0019317 0.00378910.6024660.6010060.000000  22.75238  16.08871  61.47598  2450  2450
   32.60   155.73780 6.6408 22.05030.06178 0.0019084 0.00374350.5967670.5953650.000000  22.89119  16.18687  61.85939  2450  2450
   32.80   157.06720 6.6531 22.13220.06141 0.0018854 0.00369870.5911430.5897950.000000  23.03001  16.28503  62.24299  2450  2450
   33.00   158.39905 6.6654 22.21370.06104 0.0018629 0.00365470.5855920.5842950.000000  23.16883  16.38320  62.62655  2450  2450
   33.20   159.73335 6.6776 22.29490.06068 0.0018408 0.00361150.5801150.5788670.000000  23.30767  16.48138  63.00999  2450  2450
   33.40   161.07007 6.6897 22.37580.06032 0.0018190 0.00356900.5747110.5735100.000000  23.44651  16.57956  63.39362  2450  2450
   33.60   162.40921 6.7017 22.45630.05996 0.0017977 0.00352730.5693790.5682220.000000  23.58536  16.67774  63.77737  2450  2450
   33.80   163.75075 6.7136 22.53650.05961 0.0017767 0.00348630.5641200.5630050.000000  23.72422  16.77594  64.16104  2450  2450
   34.00   165.09467 6.7255 22.61640.05926 0.0017561 0.00344600.5589320.5578570.000000  23.86308  16.87413  64.54484  2450  2450
   34.20   166.44096 6.7374 22.69600.05892 0.0017358 0.00340640.5538150.5527780.000000  24.00196  16.97233  64.92883  2450  2450
   34.40   167.78960 6.7491 22.77520.05858 0.0017159 0.00336750.5487690.5477670.000000  24.14084  17.07054  65.31282  2450  2450
   34.60   169.14060 6.7608 22.85410.05825 0.0016963 0.00332930.5437920.5428240.000000  24.27972  17.16876  65.69676  2450  2450
   34.80   170.49392 6.7724 22.93270.05792 0.0016771 0.00329170.5388830.5379490.000000  24.41862  17.26697  66.08068  2450  2450
   35.00   171.84955 6.7840 23.01100.05759 0.0016582 0.00325470.5340430.5331390.000000  24.55752  17.36520  66.46464  2450  2450
   35.20   173.20749 6.7954 23.08900.05726 0.0016396 0.00321830.5292700.5283960.000000  24.69643  17.46343  66.84881  2450  2450
   35.40   174.56772 6.8069 23.16670.05694 0.0016213 0.00318260.5245640.5237170.000000  24.83535  17.56166  67.23279  2450  2450
   35.60   175.93023 6.8182 23.24400.05663 0.0016033 0.00314740.5199220.5191020.000000  24.97427  17.65990  67.61695  2450  2450
   35.80   177.29501 6.8295 23.32110.05631 0.0015856 0.00311290.5153460.5145510.000000  25.11320  17.75814  68.00109  2450  2450
   36.00   178.66203 6.8407 23.39790.05600 0.0015682 0.00307880.5108330.5100620.000000  25.25214  17.85639  68.38522  2450  2450
   36.20   180.03130 6.8519 23.47430.05570 0.0015511 0.00304540.5063830.5056350.000000  25.39109  17.95465  68.76960  2450  2450
   36.40   181.40280 6.8630 23.55050.05539 0.0015343 0.00301250.5019960.5012690.000000  25.53004  18.05290  69.15399  2450  2450
   36.60   182.77651 6.8741 23.62640.05509 0.0015177 0.00298010.4976690.4969630.000000  25.66900  18.15117  69.53840  2450  2450
   36.80   184.15242 6.8851 23.70200.05480 0.0015014 0.00294820.4934020.4927160.000000  25.80796  18.24944  69.92285  2450  2450
   37.00   185.53053 6.8960 23.77730.05450 0.0014853 0.00291680.4891950.4885280.000000  25.94693  18.34771  70.30733  2450  2450
   37.20   186.91081 6.9069 23.85240.05421 0.0014696 0.00288600.4850460.4843970.000000  26.08591  18.44599  70.69194  2450  2450
   37.40   188.29327 6.9177 23.92710.05393 0.0014540 0.00285560.4809540.4803220.000000  26.22490  18.54427  71.07658  2450  2450
   37.60   189.67788 6.9284 24.00160.05364 0.0014387 0.00282570.4769190.4763040.000000  26.36389  18.64255  71.46119  2450  2450
   37.80   191.06464 6.9391 24.07580.05336 0.0014237 0.00279620.4729390.4723400.000000  26.50289  18.74085  71.84598  2450  2450
   38.00   192.45353 6.9498 24.14970.05308 0.0014089 0.00276730.4690140.4684300.000000  26.64189  18.83914  72.23070  2450  2450
   38.20   193.84454 6.9604 24.22330.05281 0.0013943 0.00273870.4651430.4645740.000000  26.78090  18.93744  72.61546  2450  2450
   38.40   195.23767 6.9709 24.29670.05253 0.0013799 0.00271060.4613250.4607700.000000  26.91992  19.03575  73.00026  2450  2450
   38.60   196.63290 6.9814 24.36980.05226 0.0013658 0.00268300.4575590.4570170.000000  27.05894  19.13406  73.38525  2450  2450
   38.80   198.03022 6.9918 24.44270.05200 0.0013518 0.00265570.4538440.4533150.000000  27.19797  19.23237  73.77020  2450  2450
   39.00   199.42962 7.0022 24.51520.05173 0.0013381 0.00262890.4501800.4496630.000000  27.33701  19.33069  74.15507  2450  2450
   39.20   200.83109 7.0125 24.58760.05147 0.0013246 0.00260250.4465650.4460600.000000  27.47605  19.42901  74.54013  2450  2450
   39.40   202.23461 7.0228 24.65960.05121 0.0013113 0.00257640.4429990.4425050.000000  27.61510  19.52734  74.92522  2450  2450
   39.60   203.64019 7.0330 24.73140.05096 0.0012982 0.00255080.4394810.4389980.000000  27.75415  19.62567  75.31038  2450  2450
   39.80   205.04780 7.0431 24.80300.05070 0.0012853 0.00252550.4360100.4355370.000000  27.89321  19.72400  75.69557  2450  2450
   40.00   206.45745 7.0533 24.87430.05045 0.0012726 0.00250060.4325850.4321220.000000  28.03227  19.82234  76.08093  2450  2450
   40.20   207.86911 7.0633 24.94530.05020 0.0012600 0.00247610.4292050.4287530.000000  28.17135  19.92069  76.46611  2450  2450
   40.40   209.28277 7.0733 25.01610.04995 0.0012477 0.00245190.4258710.4254280.000000  28.31042  20.01903  76.85134  2450  2450
   40.60   210.69844 7.0833 25.08660.04971 0.0012355 0.00242810.4225800.4221460.000000  28.44951  20.11739  77.23667  2450  2450
   40.80   212.11609 7.0932 25.15690.04947 0.0012235 0.00240460.4193330.4189070.000000  28.58859  20.21574  77.62201  2450  2450
   41.00   213.53573 7.1031 25.22700.04923 0.0012117 0.00238150.4161280.4157110.000000  28.72769  20.31410  78.00744  2450  2450
   41.20   214.95733 7.1129 25.29680.04899 0.0012001 0.00235870.4129650.4125560.000000  28.86679  20.41246  78.39283  2450  2450
   41.40   216.38089 7.1227 25.36640.04876 0.0011886 0.00233620.4098430.4094420.000000  29.00589  20.51083  78.77812  2450  2450
   41.60   217.80641 7.1324 25.43570.04852 0.0011773 0.00231410.4067610.4063680.000000  29.14500  20.60920  79.16355  2450  2450
   41.80   219.23386 7.1421 25.50480.04829 0.0011661 0.00229220.4037190.4033330.000000  29.28412  20.70758  79.54888  2450  2450
   42.00   220.66324 7.1517 25.57370.04806 0.0011551 0.00227070.4007160.4003380.000000  29.42324  20.80596  79.93430  2450  2450
   42.20   222.09455 7.1613 25.64230.04784 0.0011443 0.00224940.3977510.3973800.000000  29.56237  20.90434  80.31967  2450  2450
   42.40   223.52777 7.1709 25.71070.04761 0.0011336 0.00222850.3948250.3944600.000000  29.70150  21.00273  80.70519  2450  2450
   42.60   224.96290 7.1804 25.77890.04739 0.0011230 0.00220780.3919350.3915770.000000  29.84064  21.10112  81.09072  2450  2450
   42.80   226.39992 7.1898 25.84680.04717 0.0011126 0.00218750.3890820.3887300.000000  29.97978  21.19951  81.47619  2450  2450
   43.00   227.83883 7.1992 25.91450.04695 0.0011024 0.00216740.3862640.3859180.000000  30.11893  21.29791  81.86172  2450  2450
   43.20   229.27961 7.2086 25.98200.04674 0.0010922 0.00214760.3834820.3831420.000000  30.25808  21.39631  82.24725  2450  2450
   43.40   230.72227 7.2179 26.04930.04652 0.0010823 0.00212800.3807340.3804010.000000  30.39724  21.49472  82.63289  2450  2450
   43.60   232.16679 7.2272 26.11640.04631 0.0010724 0.00210880.3780210.3776930.000000  30.53640  21.59313  83.01850  2450  2450
   43.80   233.61316 7.2365 26.18320.04610 0.0010627 0.00208970.3753410.3750180.000000  30.67557  21.69154  83.40413  2450  2450
   44.00   235.06137 7.2457 26.24980.04589 0.0010531 0.00207100.3726940.3723770.000000  30.81475  21.78996  83.78978  2450  2450
   44.20   236.51142 7.2548 26.31620.04569 0.0010437 0.00205250.3700790.3697670.000000  30.95393  21.88838  84.17545  2450  2450
   44.40   237.96330 7.2639 26.38240.04548 0.0010344 0.00203420.3674970.3671900.000000  31.09311  21.98680  84.56115  2450  2450
   44.60   239.41699 7.2730 26.44840.04528 0.0010252 0.00201620.3649450.3646430.000000  31.23230  22.08523  84.94692  2450  2450
   44.80   240.87250 7.2820 26.51410.04508 0.0010161 0.00199840.3624250.3621280.000000  31.37149  22.18366  85.33268  2450  2450
   45.00   242.32981 7.2910 26.57970.04488 0.0010071 0.00198090.3599350.3596420.000000  31.51069  22.28209  85.71849  2450  2450
   45.20   243.78892 7.3000 26.64500.04468 0.0009983 0.00196350.3574740.3571860.000000  31.64989  22.38053  86.10438  2450  2450
   45.40   245.24981 7.3089 26.71010.04449 0.0009896 0.00194640.3550430.3547600.000000  31.78910  22.47897  86.49032  2450  2450
   45.60   246.71248 7.3178 26.77510.04429 0.0009810 0.00192960.3526410.3523620.000000  31.92832  22.57742  86.87629  2450  2450
   45.80   248.17693 7.3266 26.83980.04410 0.0009725 0.00191290.3502670.3499920.000000  32.06753  22.67587  87.26227  2450  2450
   46.00   249.64313 7.3354 26.90430.04391 0.0009641 0.00189650.3479210.3476510.000000  32.20676  22.77432  87.64830  2450  2450
   46.20   251.11110 7.3442 26.96860.04372 0.0009558 0.00188030.3456030.3453360.000000  32.34598  22.87277  88.03439  2450  2450
   46.40   252.58081 7.3529 27.03280.04353 0.0009476 0.00186420.3433120.3430490.000000  32.48521  22.97123  88.42043  2450  2450
   46.60   254.05227 7.3616 27.09670.04335 0.0009395 0.00184840.3410470.3407880.000000  32.62445  23.06969  88.80653  2450  2450
   46.80   255.52546 7.3703 27.16040.04316 0.0009316 0.00183280.3388090.3385540.000000  32.76369  23.16816  89.19266  2450  2450
   47.00   257.00037 7.3789 27.22390.04298 0.0009237 0.00181740.3365960.3363450.000000  32.90294  23.26662  89.57888  2450  2450
   47.20   258.47701 7.3875 27.28730.04280 0.0009159 0.00180210.3344090.3341610.000000  33.04219  23.36509  89.96505  2450  2450
   47.40   259.95535 7.3960 27.35040.04262 0.0009083 0.00178710.3322460.3320020.000000  33.18144  23.46357  90.35130  2450  2450
   47.60   261.43540 7.4045 27.41340.04244 0.0009007 0.00177230.3301090.3298680.000000  33.32070  23.56205  90.73756  2450  2450
   47.80   262.91715 7.4130 27.47610.04227 0.0008932 0.00175760.3279950.3277580.000000  33.45996  23.66053  91.12386  2450  2450
   48.00   264.40059 7.4214 27.53870.04209 0.0008858 0.00174310.3259050.3256710.000000  33.59923  23.75901  91.51012  2450  2450
   48.20   265.88572 7.4298 27.60110.04192 0.0008785 0.00172880.3238390.3236080.000000  33.73851  23.85750  91.89654  2450  2450
   48.40   267.37252 7.4382 27.66330.04174 0.0008713 0.00171470.3217960.3215680.000000  33.87778  23.95599  92.28298  2450  2450
   48.60   268.86099 7.4465 27.72530.04157 0.0008642 0.00170070.3197750.3195510.000000  34.01706  24.05448  92.66937  2450  2450
   48.80   270.35112 7.4548 27.78710.04140 0.0008572 0.00168690.3177770.3175560.000000  34.15635  24.15297  93.05585  2450  2450
   49.00   271.84291 7.4631 27.84870.04124 0.0008502 0.00167330.3158010.3155820.000000  34.29564  24.25147  93.44223  2450  2450
   49.20   273.33635 7.4713 27.91020.04107 0.0008433 0.00165980.3138470.3136310.000000  34.43493  24.34998  93.82865  2450  2450
   49.40   274.83143 7.4795 27.97150.04090 0.0008366 0.00164650.3119140.3117010.000000  34.57423  24.44848  94.21530  2450  2450
   49.60   276.32815 7.4877 28.03260.04074 0.0008299 0.00163340.3100020.3097920.000000  34.71353  24.54699  94.60182  2450  2450
   49.80   277.82649 7.4958 28.09350.04058 0.0008232 0.00162040.3081110.3079030.000000  34.85284  24.64550  94.98833  2450  2450
   50.00   279.32646 7.5039 28.15420.04042 0.0008167 0.00160760.3062400.3060350.000000  34.99215  24.74401  95.37496  2450  2450
