 # time t/R0 xi R/R0 Eq42
    0.00  0.000 0.7034   1.000  0.0634
    0.20  0.007 0.7040   1.000  0.0634
    0.40  0.014 0.7058   1.000  0.0637
    0.60  0.021 0.7088   1.000  0.0641
    0.80  0.028 0.7129   1.000  0.0647
    1.00  0.035 0.7182   1.000  0.0654
    1.20  0.042 0.7246   1.000  0.0663
    1.40  0.049 0.7321   1.000  0.0673
    1.60  0.056 0.7406   1.000  0.0685
    1.80  0.063 0.7501   1.000  0.0699
    2.00  0.070 0.7606   1.000  0.0714
    2.20  0.077 0.7720   1.000  0.0731
    2.40  0.084 0.7842   1.000  0.0750
    2.60  0.091 0.7973   1.000  0.0771
    2.80  0.098 0.8112   1.000  0.0793
    3.00  0.106 0.8258   1.000  0.0817
    3.20  0.113 0.8412   1.000  0.0843
    3.40  0.120 0.8573   1.000  0.0871
    3.60  0.127 0.8740   1.000  0.0901
    3.80  0.134 0.8914   1.000  0.0933
    4.00  0.141 0.9095   1.000  0.0967
    4.20  0.148 0.9281   1.000  0.1004
    4.40  0.155 0.9473   1.000  0.1044
    4.60  0.162 0.9671   1.000  0.1086
    4.80  0.169 0.9874   1.000  0.1131
    5.00  0.176 1.0082   1.000  0.1179
    5.20  0.183 1.0295   1.000  0.1230
    5.40  0.190 1.0513   1.000  0.1285
    5.60  0.197 1.0736   1.000  0.1344
    5.80  0.204 1.0963   1.000  0.1406
    6.00  0.211 1.1195   1.000  0.1473
    6.20  0.218 1.1431   1.000  0.1545
    6.40  0.225 1.1672   1.000  0.1622
    6.60  0.232 1.1916   1.000  0.1705
    6.80  0.239 1.2164   1.000  0.1793
    7.00  0.246 1.2417   1.000  0.1888
    7.20  0.253 1.2673   1.000  0.1990
    7.40  0.260 1.2932   1.000  0.2099
    7.60  0.267 1.3196   1.000  0.2217
    7.80  0.274 1.3462   1.000  0.2343
    8.00  0.281 1.3733   1.000  0.2480
    8.20  0.288 1.4006   1.000  0.2627
    8.40  0.295 1.4283   1.000  0.2786
    8.60  0.302 1.4563   1.000  0.2958
    8.80  0.309 1.4846   1.000  0.3143
    9.00  0.317 1.5132   1.000  0.3344
    9.20  0.324 1.5421   1.000  0.3562
    9.40  0.331 1.5714   1.000  0.3799
    9.60  0.338 1.6009   1.000  0.4055
    9.80  0.345 1.6306   1.000  0.4334
   10.00  0.352 1.6607   1.000  0.4638
   10.20  0.359 1.6910   1.000  0.4969
   10.40  0.366 1.7216   1.000  0.5330
   10.60  0.373 1.7525   1.000  0.5724
   10.80  0.380 1.7836   1.000  0.6155
   11.00  0.387 1.8149   1.000  0.6626
   11.20  0.394 1.8465   1.000  0.7143
   11.40  0.401 1.8783   1.000  0.7710
   11.60  0.408 1.9104   1.000  0.8333
   11.80  0.415 1.9427   1.000  0.9017
   12.00  0.422 1.9752   1.000  0.9771
   12.20  0.429 2.0080   1.000  1.0602
   12.40  0.436 2.0409   1.000  1.1519
   12.60  0.443 2.0740   1.000  1.2532
   12.80  0.450 2.1074   1.000  1.3652
   13.00  0.457 2.1409   1.000  1.4893
   13.20  0.464 2.1747   1.001  1.6269
   13.40  0.471 2.2086   1.001  1.7797
   13.60  0.478 2.2426   1.001  1.9494
   13.80  0.485 2.2769   1.001  2.1383
   14.00  0.492 2.3113   1.001  2.3486
   14.20  0.499 2.3458   1.001  2.5832
   14.40  0.506 2.3805   1.001  2.8449
   14.60  0.513 2.4153   1.002  3.1374
   14.80  0.520 2.4502   1.002  3.4645
   15.00  0.528 2.4852   1.002  3.8307
   15.20  0.535 2.5203   1.002  4.2409
   15.40  0.542 2.5555   1.003  4.7008
   15.60  0.549 2.5907   1.003  5.2169
   15.80  0.556 2.6260   1.003  5.7964
   16.00  0.563 2.6613   1.004  6.4474
   16.20  0.570 2.6966   1.004  7.1791
   16.40  0.577 2.7319   1.005  8.0018
   16.60  0.584 2.7671   1.005  8.9271
   16.80  0.591 2.8023   1.006  9.9679
   17.00  0.598 2.8374   1.007 11.1386
   17.20  0.605 2.8724   1.008 12.4553
   17.40  0.612 2.9072   1.009 13.9358
   17.60  0.619 2.9419   1.010 15.5995
   17.80  0.626 2.9764   1.011 17.4681
   18.00  0.633 3.0107   1.012 19.5651
   18.20  0.640 3.0446   1.013 21.9158
   18.40  0.647 3.0783   1.015 24.5479
   18.60  0.654 3.1117   1.016 27.4907
   18.80  0.661 3.1446   1.018 30.7752
   19.00  0.668 3.1772   1.020 34.4343
   19.20  0.675 3.2093   1.022 38.5017
   19.40  0.682 3.2410   1.024 43.0119
   19.60  0.689 3.2721   1.026 47.9998
   19.80  0.696 3.3026   1.029 53.4993
   20.00  0.703 3.3326   1.032 59.5433
   20.20  0.710 3.3618   1.034 66.1622
   20.40  0.717 3.3905   1.037 73.3829
   20.60  0.724 3.4183   1.041 81.2274
   20.80  0.731 3.4455   1.044 89.7120
   21.00  0.739 3.4718   1.048 98.8456
   21.20  0.746 3.4973   1.052108.6284
   21.40  0.753 3.5220   1.056119.0506
   21.60  0.760 3.5458   1.061130.0915
   21.80  0.767 3.5687   1.065141.7184
   22.00  0.774 3.5906   1.070153.8861
   22.20  0.781 3.6116   1.075166.5361
   22.40  0.788 3.6316   1.081179.5974
   22.60  0.795 3.6507   1.087192.9865
   22.80  0.802 3.6687   1.093206.6081
   23.00  0.809 3.6857   1.099220.3573
   23.20  0.816 3.7018   1.105234.1205
   23.40  0.823 3.7168   1.112247.7782
   23.60  0.830 3.7308   1.119261.2072
   23.80  0.837 3.7438   1.127274.2832
   24.00  0.844 3.7559   1.134286.8839
   24.20  0.851 3.7669   1.142298.8914
   24.40  0.858 3.7770   1.150310.1950
   24.60  0.865 3.7861   1.159320.6939
   24.80  0.872 3.7943   1.168330.2987
   25.00  0.879 3.8016   1.177338.9337
   25.20  0.886 3.8081   1.186346.5379
   25.40  0.893 3.8136   1.196353.0657
   25.60  0.900 3.8184   1.205358.4872
   25.80  0.907 3.8223   1.216362.7886
   26.00  0.914 3.8255   1.226365.9708
   26.20  0.921 3.8279   1.237368.0489
   26.40  0.928 3.8297   1.247369.0512
   26.60  0.935 3.8307   1.258369.0172
   26.80  0.942 3.8311   1.270367.9963
   27.00  0.950 3.8309   1.281366.0462
   27.20  0.957 3.8302   1.293363.2308
   27.40  0.964 3.8289   1.305359.6187
   27.60  0.971 3.8270   1.317355.2819
   27.80  0.978 3.8247   1.330350.2935
   28.00  0.985 3.8220   1.342344.7275
   28.20  0.992 3.8188   1.355338.6564
   28.40  0.999 3.8152   1.368332.1511
   28.60  1.006 3.8112   1.381325.2798
   28.80  1.013 3.8069   1.395318.1072
   29.00  1.020 3.8023   1.408310.6941
   29.20  1.027 3.7974   1.422303.0973
   29.40  1.034 3.7922   1.436295.3688
   29.60  1.041 3.7868   1.450287.5562
   29.80  1.048 3.7812   1.464279.7027
   30.00  1.055 3.7753   1.478271.8469
   30.20  1.062 3.7693   1.493264.0229
   30.40  1.069 3.7631   1.507256.2609
   30.60  1.076 3.7568   1.522248.5871
   30.80  1.083 3.7503   1.537241.0239
   31.00  1.090 3.7437   1.552233.5905
   31.20  1.097 3.7370   1.567226.3029
   31.40  1.104 3.7302   1.582219.1741
   31.60  1.111 3.7233   1.597212.2147
   31.80  1.118 3.7164   1.613205.4330
   32.00  1.125 3.7094   1.628198.8351
   32.20  1.132 3.7024   1.644192.4253
   32.40  1.139 3.6953   1.660186.2065
   32.60  1.146 3.6882   1.676180.1798
   32.80  1.154 3.6811   1.692174.3455
   33.00  1.161 3.6739   1.708168.7025
   33.20  1.168 3.6668   1.724163.2492
   33.40  1.175 3.6597   1.740157.9829
   33.60  1.182 3.6525   1.756152.9005
   33.80  1.189 3.6454   1.773147.9983
   34.00  1.196 3.6383   1.789143.2721
   34.20  1.203 3.6312   1.806138.7176
   34.40  1.210 3.6241   1.822134.3302
   34.60  1.217 3.6171   1.839130.1048
   34.80  1.224 3.6101   1.856126.0367
   35.00  1.231 3.6031   1.873122.1207
   35.20  1.238 3.5962   1.889118.3517
   35.40  1.245 3.5893   1.906114.7247
   35.60  1.252 3.5825   1.923111.2346
   35.80  1.259 3.5757   1.940107.8764
   36.00  1.266 3.5689   1.958104.6453
   36.20  1.273 3.5622   1.975101.5363
   36.40  1.280 3.5556   1.992 98.5449
   36.60  1.287 3.5490   2.009 95.6663
   36.80  1.294 3.5424   2.027 92.8961
   37.00  1.301 3.5359   2.044 90.2301
   37.20  1.308 3.5295   2.062 87.6640
   37.40  1.315 3.5231   2.079 85.1937
   37.60  1.322 3.5167   2.097 82.8154
   37.80  1.329 3.5105   2.114 80.5252
   38.00  1.336 3.5042   2.132 78.3196
   38.20  1.343 3.4981   2.150 76.1950
   38.40  1.350 3.4920   2.168 74.1482
   38.60  1.357 3.4859   2.186 72.1758
   38.80  1.365 3.4799   2.203 70.2748
   39.00  1.372 3.4740   2.221 68.4422
   39.20  1.379 3.4681   2.239 66.6753
   39.40  1.386 3.4623   2.257 64.9712
   39.60  1.393 3.4565   2.275 63.3274
   39.80  1.400 3.4508   2.294 61.7413
   40.00  1.407 3.4451   2.312 60.2107
   40.20  1.414 3.4395   2.330 58.7332
   40.40  1.421 3.4339   2.348 57.3066
   40.60  1.428 3.4285   2.366 55.9289
   40.80  1.435 3.4230   2.385 54.5980
   41.00  1.442 3.4176   2.403 53.3121
   41.20  1.449 3.4123   2.422 52.0694
   41.40  1.456 3.4070   2.440 50.8680
   41.60  1.463 3.4018   2.458 49.7064
   41.80  1.470 3.3966   2.477 48.5830
   42.00  1.477 3.3915   2.496 47.4962
   42.20  1.484 3.3864   2.514 46.4446
   42.40  1.491 3.3814   2.533 45.4268
   42.60  1.498 3.3764   2.551 44.4415
   42.80  1.505 3.3715   2.570 43.4873
   43.00  1.512 3.3667   2.589 42.5632
   43.20  1.519 3.3618   2.608 41.6680
   43.40  1.526 3.3571   2.627 40.8004
   43.60  1.533 3.3523   2.645 39.9596
   43.80  1.540 3.3477   2.664 39.1444
   44.00  1.547 3.3430   2.683 38.3539
   44.20  1.554 3.3385   2.702 37.5871
   44.40  1.561 3.3339   2.721 36.8433
   44.60  1.568 3.3294   2.740 36.1215
   44.80  1.576 3.3250   2.759 35.4209
   45.00  1.583 3.3206   2.778 34.7407
   45.20  1.590 3.3162   2.797 34.0803
   45.40  1.597 3.3119   2.817 33.4388
   45.60  1.604 3.3077   2.836 32.8157
   45.80  1.611 3.3034   2.855 32.2102
   46.00  1.618 3.2992   2.874 31.6217
   46.20  1.625 3.2951   2.893 31.0496
   46.40  1.632 3.2910   2.913 30.4934
   46.60  1.639 3.2869   2.932 29.9525
   46.80  1.646 3.2829   2.952 29.4263
   47.00  1.653 3.2789   2.971 28.9143
   47.20  1.660 3.2750   2.990 28.4162
   47.40  1.667 3.2711   3.010 27.9313
   47.60  1.674 3.2672   3.029 27.4593
   47.80  1.681 3.2634   3.049 26.9996
   48.00  1.688 3.2596   3.068 26.5520
   48.20  1.695 3.2559   3.088 26.1160
   48.40  1.702 3.2521   3.108 25.6912
   48.60  1.709 3.2485   3.127 25.2772
   48.80  1.716 3.2448   3.147 24.8737
   49.00  1.723 3.2412   3.167 24.4804
   49.20  1.730 3.2376   3.186 24.0969
   49.40  1.737 3.2341   3.206 23.7229
   49.60  1.744 3.2306   3.226 23.3582
   49.80  1.751 3.2271   3.246 23.0023
   50.00  1.758 3.2237   3.265 22.6551
