 # vmoy Emoy dndv dndE
 0.0150	  0.0001	 10.079946	672.862144
 0.0249	  0.0003	 10.079557	404.451195
 0.0348	  0.0006	 10.078976	289.433274
 0.0447	  0.0010	 10.078207	225.535023
 0.0545	  0.0015	 10.077252	184.870480
 0.0643	  0.0021	 10.076112	156.715568
 0.0740	  0.0028	 10.074793	136.066186
 0.0838	  0.0035	 10.073293	120.273122
 0.0934	  0.0044	 10.071615	107.802751
 0.1031	  0.0053	 10.069767	 97.705759
 0.1127	  0.0064	 10.067741	 89.362905
 0.1222	  0.0075	 10.065550	 82.353273
 0.1318	  0.0087	 10.063189	 76.380541
 0.1412	  0.0100	 10.060664	 71.230212
 0.1507	  0.0114	 10.057977	 66.743105
 0.1601	  0.0128	 10.055129	 62.798648
 0.1695	  0.0144	 10.052123	 59.303822
 0.1789	  0.0160	 10.048962	 56.185722
 0.1882	  0.0177	 10.045648	 53.386399
 0.1975	  0.0195	 10.042183	 50.859212
 0.2067	  0.0214	 10.038569	 48.566196
 0.2159	  0.0233	 10.034810	 46.476138
 0.2251	  0.0253	 10.030907	 44.563136
 0.2342	  0.0274	 10.026862	 42.805518
 0.2434	  0.0296	 10.022679	 41.185012
 0.2524	  0.0319	 10.018359	 39.686102
 0.2615	  0.0342	 10.013905	 38.295533
 0.2705	  0.0366	 10.009320	 37.001906
 0.2795	  0.0391	 10.004605	 35.795372
 0.2884	  0.0416	  9.999763	 34.667370
 0.2974	  0.0442	  9.994797	 33.610429
 0.3063	  0.0469	  9.989708	 32.617996
 0.3151	  0.0497	  9.984500	 31.684302
 0.3240	  0.0525	  9.979175	 30.804245
 0.3328	  0.0554	  9.973736	 29.973300
 0.3415	  0.0583	  9.968183	 29.187436
 0.3503	  0.0614	  9.962522	 28.443055
 0.3590	  0.0644	  9.956753	 27.736929
 0.3677	  0.0676	  9.950879	 27.066161
 0.3763	  0.0708	  9.944903	 26.428138
 0.3849	  0.0741	  9.938828	 25.820498
 0.3935	  0.0774	  9.932656	 25.241105
 0.4021	  0.0808	  9.926389	 24.688015
 0.4106	  0.0843	  9.920031	 24.159462
 0.4191	  0.0878	  9.913583	 23.653836
 0.4276	  0.0914	  9.907050	 23.169662
 0.4360	  0.0951	  9.900432	 22.705593
 0.4445	  0.0988	  9.893734	 22.260390
 0.4528	  0.1025	  9.886958	 21.832918
 0.4612	  0.1064	  9.880106	 21.422129
 0.4695	  0.1102	  9.873182	 21.027057
 0.4779	  0.1142	  9.866189	 20.646810
 0.4861	  0.1182	  9.859129	 20.280565
 0.4944	  0.1222	  9.852005	 19.927555
 0.5026	  0.1263	  9.844820	 19.587073
 0.5108	  0.1305	  9.837578	 19.258458
 0.5190	  0.1347	  9.830281	 18.941099
 0.5271	  0.1389	  9.822933	 18.634425
 0.5353	  0.1433	  9.815535	 18.337903
 0.5434	  0.1476	  9.808093	 18.051035
 0.5514	  0.1520	  9.800609	 17.773359
 0.5595	  0.1565	  9.793085	 17.504438
 0.5675	  0.1610	  9.785527	 17.243866
 0.5755	  0.1656	  9.777935	 16.991260
 0.5834	  0.1702	  9.770315	 16.746262
 0.5914	  0.1749	  9.762669	 16.508537
 0.5993	  0.1796	  9.755002	 16.277765
 0.6072	  0.1843	  9.747315	 16.053651
 0.6150	  0.1891	  9.739613	 15.835913
 0.6229	  0.1940	  9.731900	 15.624285
 0.6307	  0.1989	  9.724178	 15.418519
 0.6385	  0.2038	  9.716452	 15.218378
 0.6462	  0.2088	  9.708725	 15.023639
 0.6540	  0.2138	  9.701002	 14.834092
 0.6617	  0.2189	  9.693284	 14.649536
 0.6694	  0.2240	  9.685577	 14.469783
 0.6770	  0.2292	  9.677884	 14.294653
 0.6847	  0.2344	  9.670208	 14.123976
 0.6923	  0.2396	  9.662555	 13.957591
 0.6999	  0.2449	  9.654927	 13.795344
 0.7074	  0.2502	  9.647328	 13.637089
 0.7150	  0.2556	  9.639762	 13.482689
 0.7225	  0.2610	  9.632234	 13.332011
 0.7300	  0.2664	  9.624747	 13.184929
 0.7374	  0.2719	  9.617305	 13.041324
 0.7449	  0.2774	  9.609912	 12.901083
 0.7523	  0.2830	  9.602572	 12.764095
 0.7597	  0.2886	  9.595289	 12.630258
 0.7671	  0.2942	  9.588067	 12.499472
 0.7744	  0.2999	  9.580909	 12.371642
 0.7817	  0.3056	  9.573821	 12.246679
 0.7890	  0.3113	  9.566806	 12.124495
 0.7963	  0.3171	  9.559868	 12.005008
 0.8036	  0.3229	  9.553010	 11.888138
 0.8108	  0.3287	  9.546237	 11.773810
 0.8180	  0.3346	  9.539553	 11.661950
 0.8252	  0.3405	  9.532962	 11.552489
 0.8323	  0.3464	  9.526467	 11.445360
 0.8395	  0.3524	  9.520072	 11.340498
 0.8466	  0.3584	  9.513782	 11.237842
 0.8537	  0.3644	  9.507599	 11.137332
 0.8607	  0.3704	  9.501528	 11.038911
 0.8678	  0.3765	  9.495572	 10.942525
 0.8748	  0.3826	  9.489735	 10.848121
 0.8818	  0.3888	  9.484020	 10.755648
 0.8887	  0.3949	  9.478432	 10.665056
 0.8957	  0.4011	  9.472972	 10.576299
 0.9026	  0.4073	  9.467645	 10.489331
 0.9095	  0.4136	  9.462453	 10.404108
 0.9164	  0.4199	  9.457401	 10.320588
 0.9232	  0.4262	  9.452490	 10.238729
 0.9300	  0.4325	  9.447725	 10.158492
 0.9368	  0.4388	  9.443107	 10.079839
 0.9436	  0.4452	  9.438639	 10.002732
 0.9504	  0.4516	  9.434324	  9.927136
 0.9571	  0.4580	  9.430165	  9.853016
 0.9638	  0.4644	  9.426164	  9.780337
 0.9705	  0.4709	  9.422322	  9.709068
 0.9771	  0.4774	  9.418642	  9.639177
 0.9838	  0.4839	  9.415127	  9.570631
 0.9904	  0.4904	  9.411777	  9.503402
 0.9969	  0.4970	  9.408594	  9.437461
 1.0035	  0.5035	  9.405579	  9.372778
 1.0100	  0.5101	  9.402735	  9.309326
 1.0165	  0.5167	  9.400061	  9.247079
 1.0230	  0.5233	  9.397559	  9.186009
 1.0295	  0.5299	  9.395229	  9.126091
 1.0359	  0.5366	  9.393072	  9.067300
 1.0423	  0.5432	  9.391088	  9.009612
 1.0487	  0.5499	  9.389276	  8.953002
 1.0551	  0.5566	  9.387638	  8.897447
 1.0614	  0.5633	  9.386172	  8.842924
 1.0677	  0.5700	  9.384878	  8.789410
 1.0740	  0.5768	  9.383754	  8.736883
 1.0803	  0.5835	  9.382801	  8.685322
 1.0865	  0.5903	  9.382016	  8.634706
 1.0928	  0.5971	  9.381397	  8.585012
 1.0990	  0.6039	  9.380944	  8.536222
 1.1051	  0.6107	  9.380654	  8.488314
 1.1113	  0.6175	  9.380524	  8.441269
 1.1174	  0.6243	  9.380552	  8.395067
 1.1235	  0.6311	  9.380735	  8.349689
 1.1296	  0.6379	  9.381071	  8.305115
 1.1356	  0.6448	  9.381554	  8.261328
 1.1416	  0.6517	  9.382183	  8.218308
 1.1476	  0.6585	  9.382954	  8.176037
 1.1536	  0.6654	  9.383861	  8.134497
 1.1595	  0.6723	  9.384900	  8.093670
 1.1655	  0.6792	  9.386067	  8.053539
 1.1714	  0.6860	  9.387358	  8.014086
 1.1772	  0.6929	  9.388765	  7.975293
 1.1831	  0.6998	  9.390286	  7.937145
 1.1889	  0.7068	  9.391912	  7.899623
 1.1947	  0.7137	  9.393639	  7.862712
 1.2005	  0.7206	  9.395460	  7.826394
 1.2062	  0.7275	  9.397369	  7.790653
 1.2120	  0.7344	  9.399359	  7.755474
 1.2177	  0.7414	  9.401423	  7.720839
 1.2233	  0.7483	  9.403555	  7.686733
 1.2290	  0.7552	  9.405745	  7.653141
 1.2346	  0.7622	  9.407988	  7.620046
 1.2402	  0.7691	  9.410274	  7.587433
 1.2458	  0.7760	  9.412597	  7.555287
 1.2514	  0.7830	  9.414947	  7.523593
 1.2569	  0.7899	  9.417317	  7.492336
 1.2624	  0.7969	  9.419698	  7.461501
 1.2679	  0.8038	  9.422081	  7.431072
 1.2734	  0.8108	  9.424457	  7.401037
 1.2788	  0.8177	  9.426817	  7.371379
 1.2843	  0.8247	  9.429151	  7.342086
 1.2897	  0.8316	  9.431452	  7.313142
 1.2950	  0.8386	  9.433708	  7.284535
 1.3004	  0.8455	  9.435911	  7.256250
 1.3057	  0.8524	  9.438051	  7.228274
 1.3110	  0.8594	  9.440118	  7.200593
 1.3163	  0.8663	  9.442103	  7.173195
 1.3216	  0.8733	  9.443995	  7.146066
 1.3268	  0.8802	  9.445785	  7.119193
 1.3320	  0.8871	  9.447463	  7.092565
 1.3372	  0.8941	  9.449019	  7.066168
 1.3424	  0.9010	  9.450443	  7.039991
 1.3475	  0.9079	  9.451725	  7.014021
 1.3527	  0.9149	  9.452856	  6.988247
 1.3578	  0.9218	  9.453826	  6.962657
 1.3629	  0.9287	  9.454625	  6.937240
 1.3679	  0.9356	  9.455243	  6.911984
 1.3730	  0.9426	  9.455670	  6.886880
 1.3780	  0.9495	  9.455898	  6.861917
 1.3830	  0.9564	  9.455918	  6.837083
 1.3880	  0.9633	  9.455719	  6.812370
 1.3930	  0.9702	  9.455293	  6.787767
 1.3979	  0.9771	  9.454631	  6.763265
 1.4029	  0.9840	  9.453724	  6.738854
 1.4078	  0.9909	  9.452564	  6.714526
 1.4127	  0.9978	  9.451142	  6.690272
 1.4175	  1.0047	  9.449451	  6.666083
 1.4224	  1.0116	  9.447482	  6.641951
 1.4272	  1.0185	  9.445228	  6.617869
 1.4320	  1.0254	  9.442681	  6.593828
 1.4368	  1.0323	  9.439835	  6.569822
 1.4416	  1.0392	  9.436682	  6.545843
 1.4464	  1.0460	  9.433216	  6.521885
 1.4511	  1.0529	  9.429430	  6.497942
 1.4559	  1.0598	  9.425319	  6.474006
 1.4606	  1.0667	  9.420877	  6.450073
 1.4653	  1.0735	  9.416097	  6.426137
 1.4700	  1.0804	  9.410977	  6.402192
 1.4746	  1.0873	  9.405509	  6.378233
 1.4793	  1.0941	  9.399690	  6.354257
 1.4839	  1.1010	  9.393516	  6.330258
 1.4885	  1.1079	  9.386983	  6.306233
 1.4931	  1.1147	  9.380088	  6.282177
 1.4977	  1.1216	  9.372827	  6.258088
 1.5023	  1.1284	  9.365197	  6.233961
 1.5068	  1.1353	  9.357197	  6.209794
 1.5114	  1.1422	  9.348823	  6.185585
 1.5159	  1.1490	  9.340074	  6.161330
 1.5204	  1.1559	  9.330949	  6.137028
 1.5249	  1.1627	  9.321447	  6.112677
 1.5294	  1.1696	  9.311566	  6.088275
 1.5339	  1.1764	  9.301306	  6.063821
 1.5384	  1.1833	  9.290667	  6.039313
 1.5428	  1.1901	  9.279650	  6.014751
 1.5473	  1.1970	  9.268254	  5.990134
 1.5517	  1.2039	  9.256480	  5.965461
 1.5561	  1.2107	  9.244331	  5.940733
 1.5605	  1.2176	  9.231806	  5.915948
 1.5649	  1.2244	  9.218907	  5.891108
 1.5693	  1.2313	  9.205638	  5.866213
 1.5736	  1.2382	  9.191999	  5.841264
 1.5780	  1.2450	  9.177993	  5.816260
 1.5823	  1.2519	  9.163624	  5.791203
 1.5867	  1.2588	  9.148894	  5.766094
 1.5910	  1.2656	  9.133806	  5.740935
 1.5953	  1.2725	  9.118364	  5.715726
 1.5996	  1.2794	  9.102571	  5.690469
 1.6039	  1.2863	  9.086433	  5.665166
 1.6082	  1.2932	  9.069951	  5.639819
 1.6125	  1.3000	  9.053132	  5.614429
 1.6167	  1.3069	  9.035980	  5.588999
 1.6210	  1.3138	  9.018499	  5.563531
 1.6253	  1.3207	  9.000694	  5.538026
 1.6295	  1.3276	  8.982570	  5.512488
 1.6337	  1.3345	  8.964133	  5.486919
 1.6380	  1.3414	  8.945387	  5.461321
 1.6422	  1.3484	  8.926339	  5.435697
 1.6464	  1.3553	  8.906993	  5.410049
 1.6506	  1.3622	  8.887356	  5.384380
 1.6548	  1.3691	  8.867433	  5.358693
 1.6590	  1.3761	  8.847230	  5.332991
 1.6631	  1.3830	  8.826753	  5.307276
 1.6673	  1.3900	  8.806008	  5.281552
 1.6715	  1.3969	  8.785002	  5.255821
 1.6756	  1.4039	  8.763739	  5.230086
 1.6798	  1.4109	  8.742227	  5.204350
 1.6839	  1.4178	  8.720472	  5.178616
 1.6881	  1.4248	  8.698480	  5.152887
 1.6922	  1.4318	  8.676256	  5.127166
 1.6963	  1.4388	  8.653809	  5.101456
 1.7005	  1.4458	  8.631143	  5.075760
 1.7046	  1.4528	  8.608266	  5.050080
 1.7087	  1.4598	  8.585182	  5.024420
 1.7128	  1.4668	  8.561900	  4.998783
 1.7169	  1.4739	  8.538425	  4.973170
 1.7210	  1.4809	  8.514762	  4.947587
 1.7251	  1.4880	  8.490920	  4.922034
 1.7292	  1.4950	  8.466902	  4.896515
 1.7333	  1.5021	  8.442717	  4.871032
 1.7373	  1.5092	  8.418369	  4.845589
 1.7414	  1.5162	  8.393866	  4.820188
 1.7455	  1.5233	  8.369212	  4.794831
 1.7495	  1.5304	  8.344414	  4.769522
 1.7536	  1.5375	  8.319478	  4.744262
 1.7576	  1.5447	  8.294409	  4.719054
 1.7617	  1.5518	  8.269213	  4.693901
 1.7657	  1.5589	  8.243896	  4.668805
 1.7698	  1.5661	  8.218464	  4.643768
 1.7738	  1.5732	  8.192921	  4.618793
 1.7779	  1.5804	  8.167274	  4.593882
 1.7819	  1.5876	  8.141528	  4.569037
 1.7859	  1.5948	  8.115687	  4.544260
 1.7899	  1.6020	  8.089758	  4.519553
 1.7940	  1.6092	  8.063745	  4.494919
 1.7980	  1.6164	  8.037653	  4.470358
 1.8020	  1.6236	  8.011487	  4.445874
 1.8060	  1.6309	  7.985252	  4.421467
 1.8100	  1.6381	  7.958953	  4.397141
 1.8140	  1.6454	  7.932594	  4.372895
 1.8180	  1.6526	  7.906180	  4.348733
 1.8220	  1.6599	  7.879715	  4.324656
 1.8260	  1.6672	  7.853204	  4.300664
 1.8300	  1.6745	  7.826651	  4.276761
 1.8340	  1.6818	  7.800059	  4.252946
 1.8380	  1.6892	  7.773434	  4.229222
 1.8420	  1.6965	  7.746778	  4.205590
 1.8460	  1.7039	  7.720097	  4.182051
 1.8500	  1.7112	  7.693393	  4.158607
 1.8540	  1.7186	  7.666671	  4.135258
 1.8580	  1.7260	  7.639934	  4.112006
 1.8619	  1.7334	  7.613185	  4.088851
 1.8659	  1.7408	  7.586428	  4.065795
 1.8699	  1.7482	  7.559667	  4.042839
 1.8739	  1.7557	  7.532904	  4.019983
 1.8778	  1.7631	  7.506142	  3.997229
 1.8818	  1.7706	  7.479385	  3.974577
 1.8858	  1.7781	  7.452636	  3.952028
 1.8897	  1.7856	  7.425898	  3.929583
 1.8937	  1.7931	  7.399173	  3.907243
 1.8977	  1.8006	  7.372464	  3.885007
 1.9016	  1.8081	  7.345774	  3.862877
 1.9056	  1.8156	  7.319106	  3.840854
 1.9096	  1.8232	  7.292461	  3.818937
 1.9135	  1.8308	  7.265843	  3.797128
 1.9175	  1.8383	  7.239253	  3.775426
 1.9214	  1.8459	  7.212694	  3.753832
 1.9254	  1.8535	  7.186168	  3.732347
 1.9293	  1.8612	  7.159678	  3.710970
 1.9333	  1.8688	  7.133225	  3.689702
 1.9372	  1.8764	  7.106811	  3.668544
 1.9412	  1.8841	  7.080438	  3.647496
 1.9451	  1.8918	  7.054109	  3.626557
 1.9491	  1.8994	  7.027824	  3.605728
 1.9530	  1.9071	  7.001587	  3.585008
 1.9570	  1.9149	  6.975397	  3.564400
 1.9609	  1.9226	  6.949257	  3.543901
 1.9648	  1.9303	  6.923169	  3.523512
 1.9688	  1.9381	  6.897134	  3.503234
 1.9727	  1.9458	  6.871153	  3.483066
 1.9767	  1.9536	  6.845228	  3.463009
 1.9806	  1.9614	  6.819360	  3.443061
 1.9845	  1.9692	  6.793550	  3.423224
 1.9885	  1.9770	  6.767800	  3.403496
 1.9924	  1.9849	  6.742111	  3.383879
 1.9964	  1.9927	  6.716484	  3.364371
 2.0003	  2.0006	  6.690920	  3.344973
 2.0042	  2.0085	  6.665420	  3.325684
 2.0082	  2.0164	  6.639986	  3.306504
 2.0121	  2.0243	  6.614617	  3.287434
 2.0160	  2.0322	  6.589315	  3.268472
 2.0200	  2.0401	  6.564082	  3.249619
 2.0239	  2.0481	  6.538916	  3.230874
 2.0278	  2.0560	  6.513821	  3.212237
 2.0317	  2.0640	  6.488796	  3.193707
 2.0357	  2.0720	  6.463841	  3.175286
 2.0396	  2.0800	  6.438959	  3.156971
 2.0435	  2.0880	  6.414149	  3.138762
 2.0475	  2.0960	  6.389412	  3.120661
 2.0514	  2.1041	  6.364748	  3.102665
 2.0553	  2.1121	  6.340159	  3.084775
 2.0592	  2.1202	  6.315644	  3.066990
 2.0632	  2.1283	  6.291204	  3.049310
 2.0671	  2.1364	  6.266840	  3.031734
 2.0710	  2.1445	  6.242553	  3.014263
 2.0749	  2.1527	  6.218341	  2.996895
 2.0789	  2.1608	  6.194207	  2.979631
 2.0828	  2.1690	  6.170150	  2.962469
 2.0867	  2.1771	  6.146171	  2.945410
 2.0906	  2.1853	  6.122269	  2.928452
 2.0945	  2.1935	  6.098446	  2.911596
 2.0985	  2.2018	  6.074702	  2.894841
 2.1024	  2.2100	  6.051036	  2.878187
 2.1063	  2.2182	  6.027450	  2.861633
 2.1102	  2.2265	  6.003942	  2.845178
 2.1141	  2.2348	  5.980515	  2.828823
 2.1181	  2.2431	  5.957167	  2.812566
 2.1220	  2.2514	  5.933898	  2.796407
 2.1259	  2.2597	  5.910710	  2.780346
 2.1298	  2.2680	  5.887602	  2.764382
 2.1337	  2.2764	  5.864574	  2.748515
 2.1376	  2.2848	  5.841627	  2.732744
 2.1416	  2.2931	  5.818760	  2.717069
 2.1455	  2.3015	  5.795973	  2.701489
 2.1494	  2.3099	  5.773267	  2.686003
 2.1533	  2.3184	  5.750642	  2.670612
 2.1572	  2.3268	  5.728097	  2.655314
 2.1611	  2.3353	  5.705633	  2.640110
 2.1650	  2.3437	  5.683250	  2.624998
 2.1690	  2.3522	  5.660947	  2.609978
 2.1729	  2.3607	  5.638725	  2.595050
 2.1768	  2.3692	  5.616584	  2.580213
 2.1807	  2.3777	  5.594523	  2.565466
 2.1846	  2.3863	  5.572543	  2.550810
 2.1885	  2.3948	  5.550643	  2.536243
 2.1924	  2.4034	  5.528824	  2.521765
 2.1964	  2.4120	  5.507085	  2.507375
 2.2003	  2.4206	  5.485427	  2.493073
 2.2042	  2.4292	  5.463848	  2.478859
 2.2081	  2.4378	  5.442350	  2.464732
 2.2120	  2.4465	  5.420931	  2.450691
 2.2159	  2.4551	  5.399593	  2.436736
 2.2198	  2.4638	  5.378334	  2.422867
 2.2237	  2.4725	  5.357155	  2.409082
 2.2276	  2.4812	  5.336056	  2.395382
 2.2316	  2.4899	  5.315035	  2.381765
 2.2355	  2.4986	  5.294094	  2.368232
 2.2394	  2.5074	  5.273232	  2.354781
 2.2433	  2.5162	  5.252449	  2.341413
 2.2472	  2.5249	  5.231745	  2.328127
 2.2511	  2.5337	  5.211119	  2.314922
 2.2550	  2.5425	  5.190572	  2.301798
 2.2589	  2.5514	  5.170103	  2.288754
 2.2628	  2.5602	  5.149712	  2.275790
 2.2667	  2.5690	  5.129399	  2.262905
 2.2706	  2.5779	  5.109164	  2.250098
 2.2745	  2.5868	  5.089006	  2.237371
 2.2785	  2.5957	  5.068925	  2.224721
 2.2824	  2.6046	  5.048922	  2.212148
 2.2863	  2.6135	  5.028995	  2.199652
 2.2902	  2.6225	  5.009145	  2.187232
 2.2941	  2.6314	  4.989372	  2.174889
 2.2980	  2.6404	  4.969675	  2.162620
 2.3019	  2.6494	  4.950054	  2.150427
 2.3058	  2.6584	  4.930509	  2.138308
 2.3097	  2.6674	  4.911039	  2.126262
 2.3136	  2.6764	  4.891645	  2.114291
 2.3175	  2.6854	  4.872326	  2.102392
 2.3214	  2.6945	  4.853082	  2.090566
 2.3253	  2.7036	  4.833913	  2.078811
 2.3292	  2.7127	  4.814819	  2.067129
 2.3331	  2.7218	  4.795798	  2.055517
 2.3370	  2.7309	  4.776852	  2.043976
 2.3409	  2.7400	  4.757979	  2.032505
 2.3448	  2.7492	  4.739181	  2.021105
 2.3488	  2.7583	  4.720455	  2.009773
 2.3527	  2.7675	  4.701803	  1.998510
 2.3566	  2.7767	  4.683223	  1.987316
 2.3605	  2.7859	  4.664716	  1.976189
 2.3644	  2.7951	  4.646281	  1.965130
 2.3683	  2.8043	  4.627919	  1.954138
 2.3722	  2.8136	  4.609629	  1.943213
 2.3761	  2.8229	  4.591410	  1.932354
 2.3800	  2.8321	  4.573262	  1.921561
 2.3839	  2.8414	  4.555186	  1.910833
 2.3878	  2.8507	  4.537181	  1.900170
 2.3917	  2.8601	  4.519246	  1.889571
 2.3956	  2.8694	  4.501382	  1.879037
 2.3995	  2.8788	  4.483588	  1.868566
 2.4034	  2.8881	  4.465864	  1.858158
 2.4073	  2.8975	  4.448210	  1.847814
 2.4112	  2.9069	  4.430625	  1.837531
 2.4151	  2.9163	  4.413109	  1.827311
 2.4190	  2.9257	  4.395662	  1.817152
 2.4229	  2.9352	  4.378284	  1.807055
 2.4268	  2.9446	  4.360975	  1.797018
 2.4307	  2.9541	  4.343734	  1.787042
 2.4346	  2.9636	  4.326560	  1.777125
 2.4385	  2.9731	  4.309455	  1.767269
 2.4424	  2.9826	  4.292416	  1.757471
 2.4463	  2.9921	  4.275446	  1.747733
 2.4502	  3.0017	  4.258542	  1.738053
 2.4541	  3.0113	  4.241705	  1.728431
 2.4580	  3.0208	  4.224934	  1.718866
 2.4619	  3.0304	  4.208229	  1.709359
 2.4658	  3.0400	  4.191591	  1.699909
 2.4697	  3.0496	  4.175018	  1.690516
 2.4736	  3.0593	  4.158511	  1.681179
 2.4775	  3.0689	  4.142070	  1.671897
 2.4814	  3.0786	  4.125693	  1.662671
 2.4853	  3.0883	  4.109381	  1.653501
 2.4892	  3.0980	  4.093133	  1.644385
 2.4931	  3.1077	  4.076950	  1.635323
 2.4970	  3.1174	  4.060831	  1.626315
 2.5008	  3.1271	  4.044776	  1.617362
 2.5047	  3.1369	  4.028785	  1.608461
 2.5086	  3.1466	  4.012856	  1.599614
 2.5125	  3.1564	  3.996991	  1.590819
 2.5164	  3.1662	  3.981189	  1.582077
 2.5203	  3.1760	  3.965450	  1.573386
 2.5242	  3.1859	  3.949773	  1.564748
 2.5281	  3.1957	  3.934158	  1.556160
 2.5320	  3.2055	  3.918605	  1.547624
 2.5359	  3.2154	  3.903113	  1.539138
 2.5398	  3.2253	  3.887684	  1.530703
 2.5437	  3.2352	  3.872315	  1.522317
 2.5476	  3.2451	  3.857008	  1.513982
 2.5515	  3.2550	  3.841761	  1.505696
 2.5554	  3.2650	  3.826575	  1.497458
 2.5593	  3.2749	  3.811449	  1.489270
 2.5632	  3.2849	  3.796384	  1.481130
 2.5671	  3.2949	  3.781378	  1.473038
 2.5710	  3.3049	  3.766432	  1.464994
 2.5748	  3.3149	  3.751546	  1.456997
 2.5787	  3.3250	  3.736718	  1.449048
 2.5826	  3.3350	  3.721950	  1.441146
 2.5865	  3.3451	  3.707240	  1.433290
 2.5904	  3.3551	  3.692589	  1.425481
 2.5943	  3.3652	  3.677996	  1.417717
 2.5982	  3.3753	  3.663462	  1.409999
 2.6021	  3.3854	  3.648985	  1.402327
 2.6060	  3.3956	  3.634566	  1.394700
 2.6099	  3.4057	  3.620204	  1.387118
 2.6138	  3.4159	  3.605900	  1.379580
 2.6177	  3.4261	  3.591652	  1.372086
 2.6215	  3.4363	  3.577462	  1.364637
 2.6254	  3.4465	  3.563328	  1.357231
 2.6293	  3.4567	  3.549250	  1.349869
 2.6332	  3.4669	  3.535228	  1.342550
 2.6371	  3.4772	  3.521262	  1.335274
 2.6410	  3.4874	  3.507352	  1.328040
 2.6449	  3.4977	  3.493498	  1.320849
 2.6488	  3.5080	  3.479699	  1.313699
 2.6527	  3.5183	  3.465954	  1.306592
 2.6566	  3.5286	  3.452265	  1.299526
 2.6604	  3.5390	  3.438630	  1.292502
 2.6643	  3.5493	  3.425050	  1.285518
 2.6682	  3.5597	  3.411524	  1.278576
 2.6721	  3.5701	  3.398052	  1.271673
 2.6760	  3.5805	  3.384633	  1.264811
 2.6799	  3.5909	  3.371268	  1.257989
 2.6838	  3.6013	  3.357957	  1.251207
 2.6877	  3.6118	  3.344698	  1.244464
 2.6915	  3.6222	  3.331493	  1.237761
 2.6954	  3.6327	  3.318340	  1.231096
 2.6993	  3.6432	  3.305239	  1.224470
 2.7032	  3.6537	  3.292191	  1.217883
 2.7071	  3.6642	  3.279195	  1.211333
 2.7110	  3.6747	  3.266251	  1.204822
 2.7149	  3.6853	  3.253358	  1.198349
 2.7188	  3.6958	  3.240517	  1.191913
 2.7226	  3.7064	  3.227727	  1.185514
 2.7265	  3.7170	  3.214988	  1.179153
 2.7304	  3.7276	  3.202300	  1.172828
 2.7343	  3.7382	  3.189663	  1.166540
 2.7382	  3.7488	  3.177075	  1.160288
 2.7421	  3.7595	  3.164538	  1.154072
 2.7459	  3.7701	  3.152051	  1.147892
 2.7498	  3.7808	  3.139614	  1.141747
 2.7537	  3.7915	  3.127226	  1.135638
 2.7576	  3.8022	  3.114887	  1.129565
 2.7615	  3.8129	  3.102597	  1.123526
 2.7654	  3.8236	  3.090357	  1.117522
 2.7692	  3.8344	  3.078165	  1.111552
 2.7731	  3.8451	  3.066021	  1.105617
 2.7770	  3.8559	  3.053926	  1.099715
 2.7809	  3.8667	  3.041879	  1.093848
 2.7848	  3.8775	  3.029879	  1.088014
 2.7887	  3.8883	  3.017927	  1.082214
 2.7925	  3.8992	  3.006023	  1.076446
 2.7964	  3.9100	  2.994166	  1.070712
 2.8003	  3.9209	  2.982356	  1.065011
 2.8042	  3.9317	  2.970592	  1.059342
 2.8081	  3.9426	  2.958876	  1.053705
 2.8119	  3.9535	  2.947205	  1.048101
 2.8158	  3.9644	  2.935581	  1.042528
 2.8197	  3.9754	  2.924003	  1.036987
 2.8236	  3.9863	  2.912470	  1.031478
 2.8275	  3.9973	  2.900984	  1.026000
 2.8313	  4.0083	  2.889542	  1.020553
 2.8352	  4.0193	  2.878146	  1.015137
 2.8391	  4.0303	  2.866794	  1.009752
 2.8430	  4.0413	  2.855488	  1.004397
 2.8469	  4.0523	  2.844226	  0.999073
 2.8507	  4.0634	  2.833008	  0.993779
 2.8546	  4.0744	  2.821835	  0.988514
 2.8585	  4.0855	  2.810705	  0.983280
 2.8624	  4.0966	  2.799620	  0.978075
 2.8663	  4.1077	  2.788578	  0.972899
 2.8701	  4.1188	  2.777579	  0.967753
 2.8740	  4.1300	  2.766623	  0.962635
 2.8779	  4.1411	  2.755711	  0.957547
 2.8818	  4.1523	  2.744841	  0.952487
 2.8856	  4.1635	  2.734015	  0.947455
 2.8895	  4.1747	  2.723230	  0.942452
 2.8934	  4.1859	  2.712488	  0.937477
 2.8973	  4.1971	  2.701788	  0.932529
 2.9011	  4.2083	  2.691130	  0.927610
 2.9050	  4.2196	  2.680514	  0.922718
 2.9089	  4.2308	  2.669939	  0.917853
 2.9128	  4.2421	  2.659405	  0.913016
 2.9166	  4.2534	  2.648913	  0.908206
 2.9205	  4.2647	  2.638462	  0.903422
 2.9244	  4.2760	  2.628052	  0.898666
 2.9283	  4.2874	  2.617683	  0.893936
 2.9321	  4.2987	  2.607354	  0.889232
 2.9360	  4.3101	  2.597065	  0.884554
 2.9399	  4.3215	  2.586817	  0.879903
 2.9438	  4.3329	  2.576609	  0.875277
 2.9476	  4.3443	  2.566441	  0.870678
 2.9515	  4.3557	  2.556312	  0.866104
 2.9554	  4.3671	  2.546223	  0.861555
 2.9593	  4.3786	  2.536174	  0.857032
 2.9631	  4.3901	  2.526164	  0.852533
 2.9670	  4.4015	  2.516193	  0.848060
 2.9709	  4.4130	  2.506261	  0.843612
 2.9747	  4.4245	  2.496367	  0.839188
 2.9786	  4.4361	  2.486513	  0.834789
 2.9825	  4.4476	  2.476697	  0.830414
 2.9864	  4.4592	  2.466920	  0.826064
 2.9902	  4.4707	  2.457181	  0.821737
 2.9941	  4.4823	  2.447480	  0.817435
 2.9980	  4.4939	  2.437817	  0.813157
 3.0018	  4.5055	  2.428192	  0.808902
 3.0057	  4.5171	  2.418605	  0.804671
 3.0096	  4.5288	  2.409055	  0.800463
 3.0134	  4.5404	  2.399543	  0.796279
 3.0173	  4.5521	  2.390069	  0.792117
 3.0212	  4.5638	  2.380632	  0.787979
 3.0251	  4.5755	  2.371232	  0.783864
 3.0289	  4.5872	  2.361868	  0.779771
 3.0328	  4.5989	  2.352542	  0.775702
 3.0367	  4.6107	  2.343253	  0.771654
 3.0405	  4.6224	  2.334001	  0.767630
 3.0444	  4.6342	  2.324785	  0.763627
 3.0483	  4.6460	  2.315605	  0.759647
 3.0521	  4.6578	  2.306462	  0.755689
 3.0560	  4.6696	  2.297355	  0.751752
 3.0599	  4.6814	  2.288284	  0.747838
 3.0637	  4.6932	  2.279250	  0.743945
 3.0676	  4.7051	  2.270251	  0.740074
 3.0715	  4.7170	  2.261288	  0.736224
 3.0753	  4.7288	  2.252361	  0.732396
 3.0792	  4.7407	  2.243470	  0.728588
 3.0831	  4.7527	  2.234614	  0.724802
 3.0869	  4.7646	  2.225794	  0.721037
 3.0908	  4.7765	  2.217009	  0.717293
 3.0947	  4.7885	  2.208259	  0.713570
 3.0985	  4.8004	  2.199545	  0.709867
 3.1024	  4.8124	  2.190865	  0.706185
 3.1063	  4.8244	  2.182221	  0.702524
 3.1101	  4.8364	  2.173612	  0.698883
 3.1140	  4.8485	  2.165037	  0.695262
 3.1179	  4.8605	  2.156497	  0.691661
 3.1217	  4.8726	  2.147992	  0.688080
 3.1256	  4.8846	  2.139521	  0.684520
 3.1294	  4.8967	  2.131084	  0.680979
 3.1333	  4.9088	  2.122682	  0.677458
 3.1372	  4.9209	  2.114315	  0.673956
 3.1410	  4.9330	  2.105981	  0.670474
 3.1449	  4.9452	  2.097681	  0.667012
 3.1488	  4.9573	  2.089416	  0.663568
 3.1526	  4.9695	  2.081184	  0.660144
 3.1565	  4.9817	  2.072986	  0.656740
 3.1603	  4.9939	  2.064822	  0.653354
 3.1642	  5.0061	  2.056692	  0.649987
 3.1681	  5.0183	  2.048595	  0.646639
 3.1719	  5.0306	  2.040531	  0.643310
 3.1758	  5.0428	  2.032501	  0.639999
 3.1796	  5.0551	  2.024504	  0.636707
 3.1835	  5.0674	  2.016540	  0.633433
 3.1874	  5.0797	  2.008609	  0.630178
 3.1912	  5.0920	  2.000711	  0.626941
 3.1951	  5.1043	  1.992846	  0.623722
 3.1989	  5.1166	  1.985013	  0.620521
 3.2028	  5.1290	  1.977213	  0.617338
 3.2067	  5.1413	  1.969446	  0.614173
 3.2105	  5.1537	  1.961711	  0.611026
 3.2144	  5.1661	  1.954009	  0.607896
 3.2182	  5.1785	  1.946339	  0.604784
 3.2221	  5.1910	  1.938700	  0.601689
 3.2260	  5.2034	  1.931094	  0.598612
 3.2298	  5.2158	  1.923520	  0.595552
 3.2337	  5.2283	  1.915977	  0.592509
 3.2375	  5.2408	  1.908466	  0.589484
 3.2414	  5.2533	  1.900987	  0.586475
 3.2452	  5.2658	  1.893538	  0.583483
 3.2491	  5.2783	  1.886122	  0.580508
 3.2529	  5.2908	  1.878736	  0.577549
 3.2568	  5.3034	  1.871381	  0.574608
 3.2607	  5.3159	  1.864058	  0.571682
 3.2645	  5.3285	  1.856765	  0.568773
 3.2684	  5.3411	  1.849503	  0.565881
 3.2722	  5.3537	  1.842271	  0.563004
 3.2761	  5.3663	  1.835069	  0.560144
 3.2799	  5.3789	  1.827898	  0.557300
 3.2838	  5.3916	  1.820757	  0.554471
 3.2876	  5.4042	  1.813646	  0.551659
 3.2915	  5.4169	  1.806565	  0.548862
 3.2953	  5.4296	  1.799514	  0.546081
 3.2992	  5.4423	  1.792492	  0.543315
 3.3030	  5.4550	  1.785499	  0.540565
 3.3069	  5.4677	  1.778536	  0.537829
 3.3107	  5.4805	  1.771602	  0.535110
 3.3146	  5.4932	  1.764697	  0.532405
 3.3184	  5.5060	  1.757820	  0.529715
 3.3223	  5.5188	  1.750973	  0.527041
 3.3261	  5.5315	  1.744154	  0.524381
 3.3300	  5.5443	  1.737363	  0.521735
 3.3338	  5.5572	  1.730600	  0.519105
 3.3377	  5.5700	  1.723865	  0.516489
 3.3415	  5.5828	  1.717159	  0.513887
 3.3454	  5.5957	  1.710479	  0.511300
 3.3492	  5.6086	  1.703828	  0.508727
 3.3530	  5.6215	  1.697204	  0.506168
 3.3569	  5.6344	  1.690607	  0.503623
 3.3607	  5.6473	  1.684037	  0.501092
 3.3646	  5.6602	  1.677494	  0.498575
 3.3684	  5.6731	  1.670977	  0.496071
 3.3723	  5.6861	  1.664487	  0.493582
 3.3761	  5.6991	  1.658024	  0.491105
 3.3799	  5.7120	  1.651587	  0.488643
 3.3838	  5.7250	  1.645175	  0.486193
 3.3876	  5.7380	  1.638790	  0.483757
 3.3915	  5.7510	  1.632430	  0.481334
 3.3953	  5.7641	  1.626096	  0.478924
 3.3992	  5.7771	  1.619787	  0.476527
 3.4030	  5.7902	  1.613503	  0.474143
 3.4068	  5.8032	  1.607244	  0.471771
 3.4107	  5.8163	  1.601010	  0.469412
 3.4145	  5.8294	  1.594800	  0.467066
 3.4183	  5.8425	  1.588615	  0.464733
 3.4222	  5.8557	  1.582455	  0.462411
 3.4260	  5.8688	  1.576318	  0.460102
 3.4299	  5.8819	  1.570205	  0.457805
 3.4337	  5.8951	  1.564116	  0.455521
 3.4375	  5.9083	  1.558050	  0.453248
 3.4414	  5.9215	  1.552008	  0.450987
 3.4452	  5.9347	  1.545989	  0.448738
 3.4490	  5.9479	  1.539993	  0.446501
 3.4529	  5.9611	  1.534020	  0.444276
 3.4567	  5.9744	  1.528070	  0.442062
 3.4605	  5.9876	  1.522142	  0.439859
 3.4644	  6.0009	  1.516236	  0.437668
 3.4682	  6.0142	  1.510353	  0.435488
 3.4720	  6.0275	  1.504492	  0.433319
 3.4758	  6.0408	  1.498652	  0.431162
 3.4797	  6.0541	  1.492834	  0.429015
 3.4835	  6.0674	  1.487038	  0.426880
 3.4873	  6.0808	  1.481263	  0.424755
 3.4912	  6.0941	  1.475509	  0.422641
 3.4950	  6.1075	  1.469776	  0.420538
 3.4988	  6.1209	  1.464064	  0.418445
 3.5026	  6.1343	  1.458373	  0.416363
 3.5065	  6.1477	  1.452702	  0.414291
 3.5103	  6.1611	  1.447051	  0.412230
 3.5141	  6.1745	  1.441421	  0.410179
 3.5180	  6.1880	  1.435811	  0.408138
 3.5218	  6.2015	  1.430221	  0.406108
 3.5256	  6.2149	  1.424651	  0.404087
 3.5294	  6.2284	  1.419100	  0.402077
 3.5332	  6.2419	  1.413569	  0.400076
 3.5371	  6.2554	  1.408057	  0.398086
 3.5409	  6.2690	  1.402565	  0.396105
 3.5447	  6.2825	  1.397091	  0.394133
 3.5485	  6.2961	  1.391637	  0.392172
 3.5524	  6.3096	  1.386201	  0.390220
 3.5562	  6.3232	  1.380785	  0.388277
 3.5600	  6.3368	  1.375386	  0.386344
 3.5638	  6.3504	  1.370007	  0.384420
 3.5676	  6.3641	  1.364645	  0.382506
 3.5715	  6.3777	  1.359302	  0.380600
 3.5753	  6.3913	  1.353977	  0.378704
 3.5791	  6.4050	  1.348670	  0.376818
 3.5829	  6.4187	  1.343381	  0.374940
 3.5867	  6.4324	  1.338110	  0.373071
 3.5906	  6.4461	  1.332857	  0.371211
 3.5944	  6.4598	  1.327621	  0.369360
 3.5982	  6.4735	  1.322402	  0.367518
 3.6020	  6.4873	  1.317202	  0.365684
 3.6058	  6.5010	  1.312018	  0.363860
 3.6097	  6.5148	  1.306852	  0.362044
 3.6135	  6.5286	  1.301703	  0.360236
 3.6173	  6.5424	  1.296571	  0.358437
 3.6211	  6.5562	  1.291456	  0.356647
 3.6249	  6.5700	  1.286358	  0.354865
 3.6287	  6.5839	  1.281277	  0.353092
 3.6326	  6.5977	  1.276213	  0.351327
 3.6364	  6.6116	  1.271166	  0.349570
 3.6402	  6.6255	  1.266135	  0.347821
 3.6440	  6.6394	  1.261121	  0.346081
 3.6478	  6.6533	  1.256123	  0.344349
 3.6516	  6.6672	  1.251142	  0.342625
 3.6554	  6.6812	  1.246178	  0.340910
 3.6593	  6.6951	  1.241230	  0.339202
 3.6631	  6.7091	  1.236298	  0.337503
 3.6669	  6.7231	  1.231383	  0.335811
 3.6707	  6.7371	  1.226484	  0.334127
 3.6745	  6.7511	  1.221602	  0.332452
 3.6783	  6.7651	  1.216735	  0.330784
 3.6822	  6.7791	  1.211885	  0.329124
 3.6860	  6.7932	  1.207052	  0.327472
 3.6898	  6.8072	  1.202234	  0.325828
 3.6936	  6.8213	  1.197432	  0.324191
 3.6974	  6.8354	  1.192647	  0.322563
 3.7012	  6.8495	  1.187878	  0.320942
 3.7050	  6.8637	  1.183125	  0.319328
 3.7089	  6.8778	  1.178388	  0.317723
 3.7127	  6.8920	  1.173667	  0.316125
 3.7165	  6.9061	  1.168962	  0.314534
 3.7203	  6.9203	  1.164273	  0.312952
 3.7241	  6.9345	  1.159601	  0.311376
 3.7279	  6.9487	  1.154944	  0.309809
 3.7317	  6.9630	  1.150304	  0.308248
 3.7356	  6.9772	  1.145679	  0.306696
 3.7394	  6.9915	  1.141071	  0.305150
 3.7432	  7.0057	  1.136479	  0.303613
 3.7470	  7.0200	  1.131903	  0.302082
 3.7508	  7.0343	  1.127343	  0.300559
 3.7546	  7.0486	  1.122799	  0.299044
 3.7584	  7.0630	  1.118272	  0.297536
 3.7623	  7.0773	  1.113761	  0.296035
 3.7661	  7.0917	  1.109265	  0.294541
 3.7699	  7.1061	  1.104786	  0.293055
 3.7737	  7.1205	  1.100324	  0.291576
 3.7775	  7.1349	  1.095877	  0.290104
 3.7813	  7.1493	  1.091447	  0.288640
 3.7852	  7.1637	  1.087033	  0.287183
 3.7890	  7.1782	  1.082636	  0.285733
 3.7928	  7.1926	  1.078254	  0.284290
 3.7966	  7.2071	  1.073890	  0.282855
 3.8004	  7.2216	  1.069541	  0.281426
 3.8042	  7.2361	  1.065209	  0.280005
 3.8081	  7.2507	  1.060894	  0.278591
 3.8119	  7.2652	  1.056595	  0.277185
 3.8157	  7.2798	  1.052312	  0.275785
 3.8195	  7.2944	  1.048046	  0.274392
 3.8233	  7.3089	  1.043797	  0.273007
 3.8272	  7.3236	  1.039564	  0.271628
 3.8310	  7.3382	  1.035348	  0.270257
 3.8348	  7.3528	  1.031149	  0.268893
 3.8386	  7.3675	  1.026966	  0.267536
 3.8424	  7.3821	  1.022800	  0.266186
 3.8463	  7.3968	  1.018651	  0.264842
 3.8501	  7.4115	  1.014518	  0.263506
 3.8539	  7.4262	  1.010403	  0.262177
 3.8577	  7.4410	  1.006304	  0.260855
 3.8615	  7.4557	  1.002222	  0.259540
 3.8654	  7.4705	  0.998157	  0.258232
 3.8692	  7.4853	  0.994109	  0.256931
 3.8730	  7.5000	  0.990078	  0.255636
 3.8768	  7.5149	  0.986064	  0.254349
 3.8806	  7.5297	  0.982067	  0.253068
 3.8845	  7.5445	  0.978087	  0.251795
 3.8883	  7.5594	  0.974124	  0.250528
 3.8921	  7.5742	  0.970178	  0.249268
 3.8959	  7.5891	  0.966250	  0.248015
 3.8997	  7.6040	  0.962338	  0.246769
 3.9036	  7.6189	  0.958444	  0.245530
 3.9074	  7.6339	  0.954566	  0.244297
 3.9112	  7.6488	  0.950706	  0.243072
 3.9150	  7.6638	  0.946864	  0.241853
 3.9189	  7.6788	  0.943038	  0.240641
 3.9227	  7.6937	  0.939230	  0.239435
 3.9265	  7.7087	  0.935439	  0.238237
 3.9303	  7.7238	  0.931665	  0.237045
 3.9342	  7.7388	  0.927909	  0.235859
 3.9380	  7.7539	  0.924170	  0.234681
 3.9418	  7.7689	  0.920448	  0.233509
 3.9456	  7.7840	  0.916744	  0.232344
 3.9495	  7.7991	  0.913056	  0.231185
 3.9533	  7.8142	  0.909387	  0.230033
 3.9571	  7.8293	  0.905734	  0.228888
 3.9609	  7.8445	  0.902099	  0.227749
 3.9648	  7.8596	  0.898481	  0.226617
 3.9686	  7.8748	  0.894881	  0.225491
 3.9724	  7.8900	  0.891298	  0.224372
 3.9762	  7.9052	  0.887732	  0.223260
 3.9801	  7.9204	  0.884183	  0.222154
 3.9839	  7.9356	  0.880652	  0.221054
 3.9877	  7.9509	  0.877138	  0.219961
 3.9915	  7.9662	  0.873642	  0.218874
 3.9954	  7.9814	  0.870162	  0.217794
 3.9992	  7.9967	  0.866700	  0.216720
 4.0030	  8.0120	  0.863255	  0.215652
 4.0068	  8.0273	  0.859828	  0.214591
 4.0107	  8.0427	  0.856417	  0.213536
 4.0145	  8.0580	  0.853024	  0.212487
 4.0183	  8.0734	  0.849648	  0.211445
 4.0221	  8.0887	  0.846289	  0.210409
 4.0259	  8.1041	  0.842947	  0.209379
 4.0298	  8.1195	  0.839622	  0.208355
 4.0336	  8.1349	  0.836314	  0.207337
 4.0374	  8.1504	  0.833024	  0.206326
 4.0412	  8.1658	  0.829750	  0.205321
 4.0451	  8.1813	  0.826493	  0.204322
 4.0489	  8.1967	  0.823253	  0.203328
 4.0527	  8.2122	  0.820030	  0.202341
 4.0565	  8.2277	  0.816823	  0.201360
 4.0603	  8.2432	  0.813634	  0.200385
 4.0642	  8.2587	  0.810461	  0.199416
 4.0680	  8.2743	  0.807305	  0.198453
 4.0718	  8.2898	  0.804165	  0.197496
 4.0756	  8.3054	  0.801042	  0.196544
 4.0794	  8.3209	  0.797935	  0.195599
 4.0833	  8.3365	  0.794845	  0.194659
 4.0871	  8.3521	  0.791771	  0.193725
 4.0909	  8.3677	  0.788714	  0.192797
 4.0947	  8.3834	  0.785673	  0.191875
 4.0985	  8.3990	  0.782648	  0.190958
 4.1023	  8.4146	  0.779639	  0.190047
 4.1062	  8.4303	  0.776647	  0.189142
 4.1100	  8.4460	  0.773670	  0.188242
 4.1138	  8.4616	  0.770709	  0.187348
 4.1176	  8.4773	  0.767764	  0.186459
 4.1214	  8.4930	  0.764835	  0.185576
 4.1252	  8.5088	  0.761922	  0.184698
 4.1290	  8.5245	  0.759024	  0.183826
 4.1329	  8.5402	  0.756142	  0.182959
 4.1367	  8.5560	  0.753276	  0.182098
 4.1405	  8.5717	  0.750424	  0.181241
 4.1443	  8.5875	  0.747589	  0.180391
 4.1481	  8.6033	  0.744768	  0.179545
 4.1519	  8.6191	  0.741963	  0.178705
 4.1557	  8.6349	  0.739172	  0.177870
 4.1595	  8.6507	  0.736397	  0.177040
 4.1633	  8.6665	  0.733637	  0.176215
 4.1671	  8.6824	  0.730891	  0.175395
 4.1709	  8.6982	  0.728160	  0.174581
 4.1747	  8.7141	  0.725444	  0.173771
 4.1785	  8.7300	  0.722742	  0.172967
 4.1823	  8.7458	  0.720055	  0.172167
 4.1861	  8.7617	  0.717382	  0.171372
 4.1899	  8.7776	  0.714724	  0.170583
 4.1937	  8.7935	  0.712080	  0.169798
 4.1975	  8.8094	  0.709449	  0.169018
 4.2013	  8.8254	  0.706833	  0.168242
 4.2051	  8.8413	  0.704231	  0.167472
 4.2089	  8.8573	  0.701642	  0.166706
 4.2126	  8.8732	  0.699067	  0.165945
 4.2164	  8.8892	  0.696505	  0.165188
 4.2202	  8.9051	  0.693957	  0.164436
 4.2240	  8.9211	  0.691423	  0.163689
 4.2278	  8.9371	  0.688902	  0.162946
 4.2316	  8.9531	  0.686393	  0.162208
 4.2354	  8.9691	  0.683898	  0.161474
 4.2391	  8.9851	  0.681416	  0.160744
 4.2429	  9.0012	  0.678947	  0.160019
 4.2467	  9.0172	  0.676490	  0.159298
 4.2505	  9.0332	  0.674046	  0.158582
 4.2542	  9.0493	  0.671614	  0.157869
 4.2580	  9.0653	  0.669195	  0.157161
 4.2618	  9.0814	  0.666788	  0.156458
 4.2656	  9.0975	  0.664394	  0.155758
 4.2693	  9.1135	  0.662011	  0.155062
 4.2731	  9.1296	  0.659640	  0.154371
 4.2769	  9.1457	  0.657281	  0.153684
 4.2806	  9.1618	  0.654934	  0.153000
 4.2844	  9.1779	  0.652599	  0.152321
 4.2881	  9.1940	  0.650275	  0.151645
 4.2919	  9.2102	  0.647962	  0.150974
 4.2956	  9.2263	  0.645661	  0.150306
 4.2994	  9.2424	  0.643370	  0.149642
 4.3032	  9.2586	  0.641091	  0.148982
 4.3069	  9.2747	  0.638823	  0.148325
 4.3107	  9.2909	  0.636565	  0.147672
 4.3144	  9.3070	  0.634318	  0.147023
 4.3182	  9.3232	  0.632082	  0.146378
 4.3219	  9.3394	  0.629856	  0.145736
 4.3256	  9.3556	  0.627641	  0.145098
 4.3294	  9.3718	  0.625436	  0.144463
 4.3331	  9.3879	  0.623241	  0.143832
 4.3369	  9.4041	  0.621056	  0.143204
 4.3406	  9.4204	  0.618881	  0.142580
 4.3443	  9.4366	  0.616715	  0.141959
 4.3481	  9.4528	  0.614559	  0.141341
 4.3518	  9.4690	  0.612413	  0.140727
 4.3555	  9.4852	  0.610276	  0.140116
 4.3592	  9.5015	  0.608149	  0.139508
 4.3630	  9.5177	  0.606031	  0.138904
 4.3667	  9.5339	  0.603922	  0.138302
 4.3704	  9.5502	  0.601822	  0.137704
 4.3741	  9.5664	  0.599730	  0.137109
 4.3778	  9.5827	  0.597648	  0.136517
 4.3815	  9.5990	  0.595574	  0.135928
 4.3853	  9.6152	  0.593509	  0.135342
 4.3890	  9.6315	  0.591452	  0.134759
 4.3927	  9.6478	  0.589403	  0.134179
 4.3964	  9.6641	  0.587363	  0.133601
 4.4001	  9.6804	  0.585330	  0.133027
 4.4038	  9.6967	  0.583306	  0.132456
 4.4075	  9.7130	  0.581290	  0.131887
 4.4112	  9.7293	  0.579281	  0.131321
 4.4149	  9.7456	  0.577280	  0.130758
 4.4186	  9.7619	  0.575287	  0.130197
 4.4223	  9.7782	  0.573301	  0.129640
 4.4260	  9.7945	  0.571322	  0.129085
 4.4296	  9.8109	  0.569351	  0.128532
 4.4333	  9.8272	  0.567387	  0.127982
 4.4370	  9.8435	  0.565430	  0.127435
 4.4407	  9.8599	  0.563480	  0.126890
 4.4444	  9.8762	  0.561537	  0.126348
 4.4480	  9.8926	  0.559600	  0.125808
 4.4517	  9.9089	  0.557670	  0.125271
 4.4554	  9.9253	  0.555747	  0.124736
 4.4591	  9.9417	  0.553830	  0.124203
 4.4627	  9.9580	  0.551920	  0.123673
 4.4664	  9.9744	  0.550016	  0.123145
 4.4701	  9.9908	  0.548118	  0.122619
 4.4737	 10.0072	  0.546226	  0.122096
 4.4774	 10.0235	  0.544340	  0.121575
 4.4811	 10.0399	  0.542460	  0.121056
 4.4847	 10.0563	  0.540586	  0.120540
 4.4884	 10.0727	  0.538718	  0.120025
 4.4920	 10.0891	  0.536855	  0.119513
 4.4957	 10.1055	  0.534998	  0.119003
 4.4993	 10.1219	  0.533146	  0.118495
 4.5030	 10.1384	  0.531300	  0.117989
 4.5066	 10.1548	  0.529459	  0.117485
 4.5103	 10.1712	  0.527623	  0.116983
 4.5139	 10.1876	  0.525793	  0.116483
 4.5175	 10.2041	  0.523967	  0.115985
 4.5212	 10.2205	  0.522147	  0.115489
 4.5248	 10.2370	  0.520331	  0.114995
 4.5284	 10.2534	  0.518521	  0.114503
 4.5321	 10.2699	  0.516715	  0.114013
 4.5357	 10.2863	  0.514914	  0.113524
 4.5393	 10.3028	  0.513117	  0.113038
 4.5430	 10.3193	  0.511325	  0.112553
 4.5466	 10.3357	  0.509538	  0.112070
 4.5502	 10.3522	  0.507755	  0.111589
 4.5538	 10.3687	  0.505976	  0.111110
 4.5574	 10.3852	  0.504202	  0.110633
 4.5611	 10.4017	  0.502432	  0.110157
 4.5647	 10.4182	  0.500666	  0.109683
 4.5683	 10.4347	  0.498904	  0.109210
 4.5719	 10.4512	  0.497147	  0.108739
 4.5755	 10.4677	  0.495393	  0.108270
 4.5791	 10.4842	  0.493643	  0.107803
 4.5827	 10.5007	  0.491897	  0.107337
 4.5863	 10.5172	  0.490156	  0.106873
 4.5899	 10.5338	  0.488417	  0.106410
 4.5935	 10.5503	  0.486683	  0.105949
 4.5971	 10.5669	  0.484952	  0.105490
 4.6007	 10.5834	  0.483225	  0.105032
 4.6043	 10.6000	  0.481502	  0.104576
 4.6079	 10.6165	  0.479782	  0.104121
 4.6115	 10.6331	  0.478066	  0.103667
 4.6151	 10.6497	  0.476353	  0.103216
 4.6187	 10.6662	  0.474643	  0.102765
 4.6223	 10.6828	  0.472937	  0.102316
 4.6259	 10.6994	  0.471234	  0.101869
 4.6295	 10.7160	  0.469535	  0.101423
 4.6331	 10.7326	  0.467839	  0.100978
 4.6366	 10.7492	  0.466146	  0.100535
 4.6402	 10.7659	  0.464456	  0.100093
 4.6438	 10.7825	  0.462770	  0.099653
 4.6474	 10.7991	  0.461087	  0.099214
 4.6510	 10.8157	  0.459407	  0.098777
 4.6545	 10.8324	  0.457729	  0.098340
 4.6581	 10.8490	  0.456055	  0.097905
 4.6617	 10.8657	  0.454385	  0.097472
 4.6653	 10.8824	  0.452717	  0.097040
 4.6688	 10.8990	  0.451052	  0.096609
 4.6724	 10.9157	  0.449390	  0.096179
 4.6760	 10.9324	  0.447731	  0.095751
 4.6796	 10.9491	  0.446075	  0.095324
 4.6831	 10.9658	  0.444422	  0.094899
 4.6867	 10.9825	  0.442772	  0.094474
 4.6903	 10.9992	  0.441124	  0.094051
 4.6938	 11.0160	  0.439480	  0.093630
 4.6974	 11.0327	  0.437838	  0.093209
 4.7009	 11.0494	  0.436200	  0.092790
 4.7045	 11.0662	  0.434564	  0.092372
 4.7081	 11.0830	  0.432931	  0.091955
 4.7116	 11.0997	  0.431301	  0.091540
 4.7152	 11.1165	  0.429673	  0.091125
 4.7187	 11.1333	  0.428049	  0.090712
 4.7223	 11.1501	  0.426427	  0.090301
 4.7259	 11.1669	  0.424808	  0.089890
 4.7294	 11.1837	  0.423192	  0.089481
 4.7330	 11.2005	  0.421579	  0.089073
 4.7365	 11.2174	  0.419969	  0.088666
 4.7401	 11.2342	  0.418361	  0.088260
 4.7436	 11.2511	  0.416756	  0.087856
 4.7472	 11.2679	  0.415154	  0.087453
 4.7507	 11.2848	  0.413555	  0.087051
 4.7543	 11.3017	  0.411959	  0.086650
 4.7578	 11.3186	  0.410365	  0.086250
 4.7614	 11.3355	  0.408774	  0.085852
 4.7650	 11.3524	  0.407186	  0.085454
 4.7685	 11.3693	  0.405601	  0.085058
 4.7721	 11.3862	  0.404019	  0.084664
 4.7756	 11.4032	  0.402440	  0.084270
 4.7792	 11.4201	  0.400864	  0.083878
 4.7827	 11.4371	  0.399290	  0.083486
 4.7863	 11.4541	  0.397719	  0.083096
 4.7898	 11.4711	  0.396152	  0.082707
 4.7933	 11.4881	  0.394587	  0.082320
 4.7969	 11.5051	  0.393025	  0.081933
 4.8004	 11.5221	  0.391466	  0.081548
 4.8040	 11.5392	  0.389910	  0.081164
 4.8075	 11.5562	  0.388357	  0.080781
 4.8111	 11.5733	  0.386807	  0.080399
 4.8146	 11.5904	  0.385260	  0.080018
 4.8182	 11.6075	  0.383716	  0.079639
 4.8217	 11.6246	  0.382175	  0.079261
 4.8253	 11.6417	  0.380637	  0.078884
 4.8288	 11.6588	  0.379103	  0.078508
 4.8324	 11.6759	  0.377571	  0.078134
 4.8359	 11.6931	  0.376042	  0.077760
 4.8395	 11.7103	  0.374517	  0.077388
 4.8430	 11.7275	  0.372995	  0.077017
 4.8466	 11.7446	  0.371476	  0.076647
 4.8501	 11.7619	  0.369960	  0.076278
 4.8537	 11.7791	  0.368448	  0.075911
 4.8572	 11.7963	  0.366938	  0.075545
 4.8608	 11.8136	  0.365432	  0.075180
 4.8643	 11.8308	  0.363930	  0.074816
 4.8679	 11.8481	  0.362430	  0.074453
 4.8714	 11.8654	  0.360934	  0.074092
 4.8750	 11.8827	  0.359441	  0.073732
 4.8785	 11.9001	  0.357952	  0.073373
 4.8821	 11.9174	  0.356466	  0.073015
 4.8856	 11.9347	  0.354984	  0.072659
 4.8892	 11.9521	  0.353505	  0.072303
 4.8928	 11.9695	  0.352029	  0.071949
 4.8963	 11.9869	  0.350558	  0.071596
 4.8999	 12.0043	  0.349089	  0.071245
 4.9034	 12.0218	  0.347624	  0.070894
 4.9070	 12.0392	  0.346163	  0.070545
 4.9105	 12.0567	  0.344705	  0.070197
 4.9141	 12.0742	  0.343252	  0.069850
 4.9177	 12.0917	  0.341801	  0.069505
 4.9212	 12.1092	  0.340355	  0.069161
 4.9248	 12.1267	  0.338912	  0.068818
 4.9283	 12.1443	  0.337473	  0.068476
 4.9319	 12.1618	  0.336037	  0.068135
 4.9355	 12.1794	  0.334606	  0.067796
 4.9390	 12.1970	  0.333178	  0.067458
 4.9426	 12.2146	  0.331754	  0.067121
 4.9462	 12.2323	  0.330334	  0.066786
 4.9497	 12.2499	  0.328918	  0.066452
 4.9533	 12.2676	  0.327506	  0.066119
 4.9569	 12.2853	  0.326097	  0.065787
 4.9604	 12.3030	  0.324693	  0.065456
 4.9640	 12.3207	  0.323293	  0.065127
 4.9676	 12.3385	  0.321896	  0.064799
 4.9712	 12.3563	  0.320504	  0.064473
 4.9747	 12.3740	  0.319116	  0.064147
 4.9783	 12.3918	  0.317732	  0.063823
 4.9819	 12.4097	  0.316352	  0.063500
 4.9855	 12.4275	  0.314976	  0.063179
 4.9891	 12.4454	  0.313604	  0.062858
 4.9926	 12.4632	  0.312237	  0.062539
 4.9962	 12.4811	  0.310874	  0.062222
 4.9998	 12.4991	  0.309514	  0.061905
 5.0034	 12.5170	  0.308160	  0.061590
 5.0070	 12.5350	  0.306809	  0.061276
 5.0106	 12.5529	  0.305463	  0.060964
 5.0142	 12.5709	  0.304121	  0.060652
 5.0178	 12.5889	  0.302783	  0.060342
 5.0213	 12.6070	  0.301450	  0.060034
 5.0249	 12.6250	  0.300121	  0.059726
 5.0285	 12.6431	  0.298797	  0.059420
 5.0321	 12.6612	  0.297477	  0.059115
 5.0357	 12.6793	  0.296161	  0.058812
 5.0393	 12.6975	  0.294850	  0.058510
 5.0429	 12.7156	  0.293543	  0.058209
 5.0465	 12.7338	  0.292241	  0.057909
 5.0502	 12.7520	  0.290943	  0.057611
 5.0538	 12.7702	  0.289650	  0.057314
 5.0574	 12.7885	  0.288361	  0.057018
 5.0610	 12.8067	  0.287077	  0.056724
 5.0646	 12.8250	  0.285797	  0.056431
 5.0682	 12.8433	  0.284522	  0.056139
 5.0718	 12.8617	  0.283252	  0.055848
 5.0754	 12.8800	  0.281986	  0.055559
 5.0791	 12.8984	  0.280725	  0.055271
 5.0827	 12.9168	  0.279469	  0.054985
 5.0863	 12.9352	  0.278217	  0.054699
 5.0899	 12.9536	  0.276970	  0.054415
 5.0935	 12.9721	  0.275727	  0.054133
 5.0972	 12.9906	  0.274490	  0.053851
 5.1008	 13.0091	  0.273257	  0.053571
 5.1044	 13.0276	  0.272028	  0.053293
 5.1081	 13.0462	  0.270805	  0.053015
 5.1117	 13.0647	  0.269586	  0.052739
 5.1153	 13.0833	  0.268372	  0.052464
 5.1190	 13.1020	  0.267163	  0.052191
 5.1226	 13.1206	  0.265958	  0.051918
 5.1263	 13.1393	  0.264759	  0.051648
 5.1299	 13.1580	  0.263564	  0.051378
 5.1335	 13.1767	  0.262374	  0.051110
 5.1372	 13.1954	  0.261188	  0.050843
 5.1408	 13.2142	  0.260008	  0.050577
 5.1445	 13.2329	  0.258832	  0.050312
 5.1482	 13.2517	  0.257661	  0.050049
 5.1518	 13.2706	  0.256495	  0.049787
 5.1555	 13.2894	  0.255334	  0.049527
 5.1591	 13.3083	  0.254178	  0.049268
 5.1628	 13.3272	  0.253027	  0.049010
 5.1664	 13.3461	  0.251880	  0.048753
 5.1701	 13.3650	  0.250739	  0.048498
 5.1738	 13.3840	  0.249602	  0.048244
 5.1774	 13.4030	  0.248470	  0.047991
 5.1811	 13.4220	  0.247343	  0.047739
 5.1848	 13.4410	  0.246221	  0.047489
 5.1885	 13.4601	  0.245103	  0.047240
 5.1921	 13.4792	  0.243991	  0.046992
 5.1958	 13.4983	  0.242883	  0.046746
 5.1995	 13.5174	  0.241781	  0.046501
 5.2032	 13.5366	  0.240683	  0.046257
 5.2069	 13.5558	  0.239590	  0.046014
 5.2106	 13.5750	  0.238502	  0.045773
 5.2142	 13.5942	  0.237419	  0.045533
 5.2179	 13.6134	  0.236341	  0.045294
 5.2216	 13.6327	  0.235268	  0.045056
 5.2253	 13.6520	  0.234200	  0.044820
 5.2290	 13.6714	  0.233136	  0.044585
 5.2327	 13.6907	  0.232078	  0.044351
 5.2364	 13.7101	  0.231024	  0.044119
 5.2401	 13.7295	  0.229975	  0.043887
 5.2438	 13.7489	  0.228931	  0.043657
 5.2475	 13.7683	  0.227892	  0.043428
 5.2512	 13.7878	  0.226858	  0.043201
 5.2550	 13.8073	  0.225828	  0.042974
 5.2587	 13.8268	  0.224804	  0.042749
 5.2624	 13.8464	  0.223784	  0.042525
 5.2661	 13.8659	  0.222769	  0.042303
 5.2698	 13.8855	  0.221760	  0.042081
 5.2735	 13.9051	  0.220754	  0.041861
 5.2773	 13.9248	  0.219754	  0.041642
 5.2810	 13.9444	  0.218759	  0.041424
 5.2847	 13.9641	  0.217768	  0.041207
 5.2884	 13.9839	  0.216782	  0.040992
 5.2922	 14.0036	  0.215801	  0.040777
 5.2959	 14.0234	  0.214825	  0.040564
 5.2996	 14.0431	  0.213854	  0.040352
 5.3034	 14.0629	  0.212887	  0.040142
 5.3071	 14.0828	  0.211925	  0.039932
 5.3109	 14.1026	  0.210968	  0.039724
 5.3146	 14.1225	  0.210016	  0.039517
 5.3184	 14.1424	  0.209068	  0.039311
 5.3221	 14.1624	  0.208126	  0.039106
 5.3258	 14.1823	  0.207188	  0.038902
 5.3296	 14.2023	  0.206254	  0.038700
 5.3333	 14.2223	  0.205326	  0.038498
 5.3371	 14.2423	  0.204402	  0.038298
 5.3409	 14.2624	  0.203482	  0.038099
 5.3446	 14.2825	  0.202568	  0.037901
 5.3484	 14.3026	  0.201658	  0.037705
 5.3521	 14.3227	  0.200753	  0.037509
 5.3559	 14.3428	  0.199852	  0.037314
 5.3597	 14.3630	  0.198956	  0.037121
 5.3634	 14.3832	  0.198065	  0.036929
 5.3672	 14.4034	  0.197178	  0.036738
 5.3710	 14.4237	  0.196296	  0.036548
 5.3747	 14.4439	  0.195418	  0.036359
 5.3785	 14.4642	  0.194545	  0.036171
 5.3823	 14.4846	  0.193677	  0.035984
 5.3861	 14.5049	  0.192813	  0.035798
 5.3899	 14.5253	  0.191954	  0.035614
 5.3936	 14.5456	  0.191099	  0.035430
 5.3974	 14.5661	  0.190249	  0.035248
 5.4012	 14.5865	  0.189403	  0.035067
 5.4050	 14.6070	  0.188562	  0.034887
 5.4088	 14.6274	  0.187725	  0.034707
 5.4126	 14.6479	  0.186893	  0.034529
 5.4164	 14.6685	  0.186065	  0.034352
 5.4202	 14.6890	  0.185241	  0.034176
 5.4239	 14.7096	  0.184422	  0.034001
 5.4277	 14.7302	  0.183607	  0.033828
 5.4315	 14.7508	  0.182797	  0.033655
 5.4353	 14.7715	  0.181991	  0.033483
 5.4391	 14.7921	  0.181189	  0.033312
 5.4429	 14.8128	  0.180392	  0.033142
 5.4467	 14.8335	  0.179599	  0.032974
 5.4506	 14.8543	  0.178810	  0.032806
 5.4544	 14.8750	  0.178026	  0.032639
 5.4582	 14.8958	  0.177246	  0.032474
 5.4620	 14.9166	  0.176470	  0.032309
 5.4658	 14.9374	  0.175699	  0.032145
 5.4696	 14.9583	  0.174931	  0.031982
 5.4734	 14.9791	  0.174168	  0.031821
 5.4772	 15.0000	  0.173409	  0.031660
 5.4810	 15.0209	  0.172654	  0.031500
 5.4849	 15.0419	  0.171904	  0.031341
 5.4887	 15.0628	  0.171157	  0.031184
 5.4925	 15.0838	  0.170415	  0.031027
 5.4963	 15.1048	  0.169677	  0.030871
 5.5001	 15.1258	  0.168943	  0.030716
 5.5040	 15.1469	  0.168213	  0.030562
 5.5078	 15.1679	  0.167487	  0.030409
 5.5116	 15.1890	  0.166765	  0.030257
 5.5155	 15.2101	  0.166047	  0.030106
 5.5193	 15.2313	  0.165333	  0.029955
 5.5231	 15.2524	  0.164623	  0.029806
 5.5269	 15.2736	  0.163917	  0.029658
 5.5308	 15.2948	  0.163215	  0.029510
 5.5346	 15.3160	  0.162517	  0.029364
 5.5384	 15.3372	  0.161823	  0.029218
 5.5423	 15.3585	  0.161133	  0.029073
 5.5461	 15.3797	  0.160447	  0.028930
 5.5500	 15.4010	  0.159764	  0.028787
 5.5538	 15.4223	  0.159086	  0.028644
 5.5576	 15.4437	  0.158411	  0.028503
 5.5615	 15.4650	  0.157740	  0.028363
 5.5653	 15.4864	  0.157073	  0.028224
 5.5692	 15.5078	  0.156410	  0.028085
 5.5730	 15.5292	  0.155750	  0.027947
 5.5768	 15.5506	  0.155095	  0.027810
 5.5807	 15.5721	  0.154443	  0.027674
 5.5845	 15.5935	  0.153794	  0.027539
 5.5884	 15.6150	  0.153150	  0.027405
 5.5922	 15.6365	  0.152509	  0.027272
 5.5961	 15.6581	  0.151872	  0.027139
 5.5999	 15.6796	  0.151238	  0.027007
 5.6038	 15.7012	  0.150608	  0.026876
 5.6076	 15.7228	  0.149982	  0.026746
 5.6115	 15.7443	  0.149359	  0.026617
 5.6153	 15.7660	  0.148740	  0.026488
 5.6192	 15.7876	  0.148124	  0.026360
 5.6230	 15.8093	  0.147512	  0.026234
 5.6269	 15.8309	  0.146904	  0.026107
 5.6307	 15.8526	  0.146299	  0.025982
 5.6346	 15.8743	  0.145697	  0.025858
 5.6384	 15.8960	  0.145099	  0.025734
 5.6423	 15.9178	  0.144505	  0.025611
 5.6462	 15.9395	  0.143914	  0.025489
 5.6500	 15.9613	  0.143326	  0.025367
 5.6539	 15.9831	  0.142742	  0.025247
 5.6577	 16.0049	  0.142161	  0.025127
 5.6616	 16.0267	  0.141583	  0.025008
 5.6654	 16.0486	  0.141009	  0.024889
 5.6693	 16.0704	  0.140439	  0.024772
 5.6731	 16.0923	  0.139871	  0.024655
 5.6770	 16.1142	  0.139307	  0.024539
 5.6809	 16.1361	  0.138746	  0.024423
 5.6847	 16.1580	  0.138188	  0.024309
 5.6886	 16.1799	  0.137634	  0.024195
 5.6924	 16.2019	  0.137083	  0.024082
 5.6963	 16.2238	  0.136535	  0.023969
 5.7001	 16.2458	  0.135990	  0.023857
 5.7040	 16.2678	  0.135449	  0.023746
 5.7079	 16.2898	  0.134910	  0.023636
 5.7117	 16.3118	  0.134375	  0.023526
 5.7156	 16.3339	  0.133843	  0.023417
 5.7194	 16.3559	  0.133314	  0.023309
 5.7233	 16.3780	  0.132788	  0.023201
 5.7271	 16.4001	  0.132266	  0.023095
 5.7310	 16.4221	  0.131746	  0.022988
 5.7348	 16.4442	  0.131229	  0.022883
 5.7387	 16.4664	  0.130716	  0.022778
 5.7426	 16.4885	  0.130205	  0.022674
 5.7464	 16.5106	  0.129698	  0.022570
 5.7503	 16.5328	  0.129193	  0.022467
 5.7541	 16.5549	  0.128691	  0.022365
 5.7580	 16.5771	  0.128193	  0.022264
 5.7618	 16.5993	  0.127697	  0.022163
 5.7657	 16.6215	  0.127204	  0.022062
 5.7695	 16.6437	  0.126714	  0.021963
 5.7734	 16.6660	  0.126227	  0.021864
 5.7772	 16.6882	  0.125743	  0.021765
 5.7811	 16.7104	  0.125262	  0.021668
 5.7849	 16.7327	  0.124783	  0.021570
 5.7888	 16.7550	  0.124308	  0.021474
 5.7926	 16.7772	  0.123835	  0.021378
 5.7965	 16.7995	  0.123365	  0.021283
 5.8003	 16.8218	  0.122898	  0.021188
 5.8042	 16.8441	  0.122433	  0.021094
 5.8080	 16.8665	  0.121972	  0.021001
 5.8118	 16.8888	  0.121513	  0.020908
 5.8157	 16.9111	  0.121056	  0.020815
 5.8195	 16.9335	  0.120603	  0.020724
 5.8234	 16.9558	  0.120152	  0.020633
 5.8272	 16.9782	  0.119704	  0.020542
 5.8310	 17.0006	  0.119258	  0.020452
 5.8349	 17.0229	  0.118815	  0.020363
 5.8387	 17.0453	  0.118375	  0.020274
 5.8426	 17.0677	  0.117937	  0.020186
 5.8464	 17.0901	  0.117502	  0.020098
 5.8502	 17.1126	  0.117070	  0.020011
 5.8541	 17.1350	  0.116640	  0.019925
 5.8579	 17.1574	  0.116212	  0.019839
 5.8617	 17.1798	  0.115788	  0.019753
 5.8655	 17.2023	  0.115365	  0.019668
 5.8694	 17.2247	  0.114945	  0.019584
 5.8732	 17.2472	  0.114528	  0.019500
 5.8770	 17.2696	  0.114113	  0.019417
 5.8808	 17.2921	  0.113701	  0.019334
 5.8847	 17.3146	  0.113291	  0.019252
 5.8885	 17.3371	  0.112883	  0.019170
 5.8923	 17.3595	  0.112478	  0.019089
 5.8961	 17.3820	  0.112076	  0.019008
 5.8999	 17.4045	  0.111675	  0.018928
 5.9037	 17.4270	  0.111277	  0.018849
 5.9075	 17.4495	  0.110882	  0.018770
 5.9114	 17.4720	  0.110489	  0.018691
 5.9152	 17.4945	  0.110098	  0.018613
 5.9190	 17.5171	  0.109709	  0.018535
 5.9228	 17.5396	  0.109323	  0.018458
 5.9266	 17.5621	  0.108939	  0.018381
 5.9304	 17.5846	  0.108557	  0.018305
 5.9342	 17.6072	  0.108178	  0.018230
 5.9380	 17.6297	  0.107801	  0.018155
 5.9418	 17.6522	  0.107426	  0.018080
 5.9455	 17.6748	  0.107053	  0.018006
 5.9493	 17.6973	  0.106683	  0.017932
 5.9531	 17.7198	  0.106314	  0.017859
 5.9569	 17.7424	  0.105948	  0.017786
 5.9607	 17.7649	  0.105584	  0.017713
 5.9645	 17.7875	  0.105223	  0.017642
 5.9683	 17.8100	  0.104863	  0.017570
 5.9720	 17.8326	  0.104506	  0.017499
 5.9758	 17.8551	  0.104150	  0.017429
 5.9796	 17.8777	  0.103797	  0.017359
 5.9833	 17.9002	  0.103446	  0.017289
 5.9871	 17.9228	  0.103097	  0.017220
 5.9909	 17.9453	  0.102750	  0.017151
 5.9946	 17.9679	  0.102405	  0.017083
 5.9984	 17.9904	  0.102062	  0.017015
 6.0022	 18.0130	  0.101721	  0.016947
 6.0059	 18.0355	  0.101383	  0.016880
 6.0097	 18.0581	  0.101046	  0.016814
 6.0134	 18.0806	  0.100711	  0.016748
 6.0172	 18.1032	  0.100378	  0.016682
 6.0209	 18.1257	  0.100047	  0.016617
 6.0247	 18.1482	  0.099719	  0.016552
 6.0284	 18.1708	  0.099392	  0.016487
 6.0321	 18.1933	  0.099067	  0.016423
 6.0359	 18.2159	  0.098744	  0.016359
 6.0396	 18.2384	  0.098422	  0.016296
 6.0433	 18.2609	  0.098103	  0.016233
 6.0471	 18.2834	  0.097786	  0.016171
 6.0508	 18.3060	  0.097470	  0.016109
 6.0545	 18.3285	  0.097157	  0.016047
 6.0582	 18.3510	  0.096845	  0.015986
 6.0619	 18.3735	  0.096535	  0.015925
 6.0656	 18.3960	  0.096227	  0.015864
 6.0693	 18.4185	  0.095921	  0.015804
 6.0731	 18.4410	  0.095616	  0.015744
 6.0768	 18.4635	  0.095314	  0.015685
 6.0805	 18.4860	  0.095013	  0.015626
 6.0841	 18.5084	  0.094714	  0.015567
 6.0878	 18.5309	  0.094417	  0.015509
 6.0915	 18.5534	  0.094121	  0.015451
 6.0952	 18.5758	  0.093827	  0.015394
 6.0989	 18.5983	  0.093535	  0.015336
 6.1026	 18.6207	  0.093245	  0.015280
 6.1063	 18.6432	  0.092957	  0.015223
 6.1099	 18.6656	  0.092670	  0.015167
 6.1136	 18.6880	  0.092384	  0.015111
 6.1173	 18.7105	  0.092101	  0.015056
 6.1209	 18.7329	  0.091819	  0.015001
 6.1246	 18.7553	  0.091539	  0.014946
 6.1282	 18.7777	  0.091260	  0.014892
 6.1319	 18.8001	  0.090984	  0.014838
 6.1355	 18.8224	  0.090708	  0.014784
 6.1392	 18.8448	  0.090435	  0.014731
 6.1428	 18.8672	  0.090163	  0.014678
 6.1465	 18.8895	  0.089892	  0.014625
 6.1501	 18.9119	  0.089624	  0.014573
 6.1537	 18.9342	  0.089356	  0.014521
 6.1574	 18.9565	  0.089091	  0.014469
 6.1610	 18.9788	  0.088827	  0.014418
 6.1646	 19.0011	  0.088564	  0.014367
 6.1682	 19.0234	  0.088303	  0.014316
 6.1718	 19.0457	  0.088044	  0.014265
 6.1754	 19.0680	  0.087786	  0.014215
 6.1790	 19.0903	  0.087529	  0.014166
 6.1826	 19.1125	  0.087274	  0.014116
 6.1862	 19.1347	  0.087021	  0.014067
 6.1898	 19.1570	  0.086769	  0.014018
 6.1934	 19.1792	  0.086519	  0.013969
 6.1970	 19.2014	  0.086270	  0.013921
 6.2006	 19.2236	  0.086022	  0.013873
 6.2042	 19.2458	  0.085776	  0.013826
 6.2077	 19.2679	  0.085532	  0.013778
 6.2113	 19.2901	  0.085288	  0.013731
 6.2149	 19.3122	  0.085047	  0.013684
 6.2184	 19.3343	  0.084806	  0.013638
 6.2220	 19.3565	  0.084567	  0.013592
 6.2255	 19.3786	  0.084330	  0.013546
 6.2291	 19.4006	  0.084094	  0.013500
 6.2326	 19.4227	  0.083859	  0.013455
 6.2361	 19.4448	  0.083626	  0.013410
 6.2397	 19.4668	  0.083394	  0.013365
 6.2432	 19.4888	  0.083163	  0.013321
 6.2467	 19.5109	  0.082934	  0.013276
 6.2503	 19.5328	  0.082706	  0.013232
 6.2538	 19.5548	  0.082479	  0.013189
 6.2573	 19.5768	  0.082254	  0.013145
 6.2608	 19.5987	  0.082030	  0.013102
 6.2643	 19.6207	  0.081807	  0.013059
 6.2678	 19.6426	  0.081585	  0.013017
 6.2713	 19.6645	  0.081365	  0.012974
 6.2748	 19.6864	  0.081147	  0.012932
 6.2783	 19.7083	  0.080929	  0.012890
 6.2817	 19.7301	  0.080713	  0.012849
 6.2852	 19.7519	  0.080498	  0.012807
 6.2887	 19.7738	  0.080284	  0.012766
 6.2921	 19.7956	  0.080071	  0.012726
 6.2956	 19.8173	  0.079860	  0.012685
 6.2991	 19.8391	  0.079650	  0.012645
 6.3025	 19.8609	  0.079441	  0.012605
 6.3060	 19.8826	  0.079233	  0.012565
 6.3094	 19.9043	  0.079027	  0.012525
 6.3128	 19.9260	  0.078822	  0.012486
 6.3163	 19.9477	  0.078618	  0.012447
 6.3197	 19.9693	  0.078415	  0.012408
 6.3231	 19.9910	  0.078213	  0.012369
 6.3265	 20.0126	  0.078013	  0.012331
 6.3300	 20.0342	  0.077813	  0.012293
 6.3334	 20.0557	  0.077615	  0.012255
 6.3368	 20.0773	  0.077418	  0.012217
 6.3402	 20.0988	  0.077222	  0.012180
 6.3436	 20.1203	  0.077027	  0.012143
 6.3469	 20.1418	  0.076834	  0.012106
 6.3503	 20.1633	  0.076641	  0.012069
 6.3537	 20.1848	  0.076450	  0.012032
 6.3571	 20.2062	  0.076259	  0.011996
 6.3604	 20.2276	  0.076070	  0.011960
 6.3638	 20.2490	  0.075882	  0.011924
 6.3672	 20.2704	  0.075695	  0.011888
 6.3705	 20.2917	  0.075509	  0.011853
 6.3739	 20.3130	  0.075324	  0.011818
 6.3772	 20.3343	  0.075140	  0.011783
 6.3805	 20.3556	  0.074957	  0.011748
 6.3839	 20.3769	  0.074776	  0.011713
 6.3872	 20.3981	  0.074595	  0.011679
 6.3905	 20.4193	  0.074415	  0.011645
 6.3938	 20.4405	  0.074237	  0.011611
 6.3971	 20.4617	  0.074059	  0.011577
 6.4004	 20.4828	  0.073883	  0.011543
 6.4037	 20.5040	  0.073707	  0.011510
 6.4070	 20.5251	  0.073532	  0.011477
 6.4103	 20.5461	  0.073359	  0.011444
 6.4136	 20.5672	  0.073186	  0.011411
 6.4169	 20.5882	  0.073015	  0.011379
 6.4202	 20.6092	  0.072844	  0.011346
 6.4234	 20.6302	  0.072675	  0.011314
 6.4267	 20.6511	  0.072506	  0.011282
 6.4299	 20.6721	  0.072338	  0.011250
 6.4332	 20.6930	  0.072171	  0.011219
 6.4364	 20.7138	  0.072006	  0.011187
 6.4397	 20.7347	  0.071841	  0.011156
 6.4429	 20.7555	  0.071677	  0.011125
 6.4461	 20.7763	  0.071514	  0.011094
 6.4494	 20.7971	  0.071352	  0.011063
 6.4526	 20.8178	  0.071191	  0.011033
 6.4558	 20.8386	  0.071031	  0.011003
 6.4590	 20.8593	  0.070871	  0.010973
 6.4622	 20.8799	  0.070713	  0.010943
 6.4654	 20.9006	  0.070556	  0.010913
 6.4686	 20.9212	  0.070399	  0.010883
 6.4718	 20.9418	  0.070243	  0.010854
 6.4749	 20.9623	  0.070088	  0.010825
 6.4781	 20.9829	  0.069934	  0.010796
 6.4813	 21.0034	  0.069781	  0.010767
 6.4844	 21.0239	  0.069629	  0.010738
 6.4876	 21.0443	  0.069478	  0.010709
 6.4907	 21.0648	  0.069327	  0.010681
 6.4939	 21.0852	  0.069178	  0.010653
 6.4970	 21.1055	  0.069029	  0.010625
 6.5001	 21.1259	  0.068881	  0.010597
 6.5033	 21.1462	  0.068734	  0.010569
 6.5064	 21.1665	  0.068588	  0.010542
 6.5095	 21.1867	  0.068442	  0.010514
 6.5126	 21.2070	  0.068298	  0.010487
 6.5157	 21.2272	  0.068154	  0.010460
 6.5188	 21.2473	  0.068011	  0.010433
 6.5219	 21.2675	  0.067869	  0.010406
 6.5250	 21.2876	  0.067727	  0.010380
 6.5280	 21.3077	  0.067587	  0.010353
 6.5311	 21.3277	  0.067447	  0.010327
 6.5342	 21.3478	  0.067308	  0.010301
 6.5372	 21.3678	  0.067170	  0.010275
 6.5403	 21.3877	  0.067032	  0.010249
 6.5433	 21.4077	  0.066895	  0.010223
 6.5464	 21.4276	  0.066760	  0.010198
 6.5494	 21.4474	  0.066624	  0.010173
 6.5524	 21.4673	  0.066490	  0.010147
 6.5555	 21.4871	  0.066356	  0.010122
 6.5585	 21.5069	  0.066223	  0.010097
 6.5615	 21.5267	  0.066091	  0.010073
 6.5645	 21.5464	  0.065960	  0.010048
 6.5675	 21.5661	  0.065829	  0.010023
 6.5705	 21.5857	  0.065699	  0.009999
 6.5735	 21.6054	  0.065570	  0.009975
 6.5765	 21.6250	  0.065441	  0.009951
 6.5794	 21.6445	  0.065314	  0.009927
 6.5824	 21.6641	  0.065187	  0.009903
 6.5854	 21.6836	  0.065060	  0.009879
 6.5883	 21.7031	  0.064934	  0.009856
 6.5913	 21.7225	  0.064810	  0.009833
 6.5942	 21.7419	  0.064685	  0.009809
 6.5972	 21.7613	  0.064562	  0.009786
 6.6001	 21.7806	  0.064439	  0.009763
 6.6030	 21.8000	  0.064317	  0.009740
 6.6059	 21.8192	  0.064195	  0.009718
 6.6089	 21.8385	  0.064074	  0.009695
 6.6118	 21.8577	  0.063954	  0.009673
 6.6147	 21.8769	  0.063834	  0.009650
 6.6176	 21.8961	  0.063716	  0.009628
 6.6204	 21.9152	  0.063597	  0.009606
 6.6233	 21.9343	  0.063480	  0.009584
 6.6262	 21.9533	  0.063363	  0.009562
 6.6291	 21.9723	  0.063247	  0.009541
 6.6319	 21.9913	  0.063131	  0.009519
 6.6348	 22.0103	  0.063016	  0.009498
 6.6377	 22.0292	  0.062902	  0.009476
 6.6405	 22.0481	  0.062788	  0.009455
 6.6433	 22.0669	  0.062675	  0.009434
 6.6462	 22.0858	  0.062562	  0.009413
 6.6490	 22.1046	  0.062450	  0.009392
 6.6518	 22.1233	  0.062339	  0.009372
 6.6546	 22.1420	  0.062229	  0.009351
 6.6574	 22.1607	  0.062119	  0.009331
 6.6602	 22.1794	  0.062009	  0.009310
 6.6630	 22.1980	  0.061900	  0.009290
 6.6658	 22.2166	  0.061792	  0.009270
 6.6686	 22.2351	  0.061685	  0.009250
 6.6714	 22.2536	  0.061577	  0.009230
 6.6741	 22.2721	  0.061471	  0.009210
 6.6769	 22.2906	  0.061365	  0.009191
 6.6797	 22.3090	  0.061260	  0.009171
 6.6824	 22.3274	  0.061155	  0.009152
 6.6852	 22.3457	  0.061051	  0.009132
 6.6879	 22.3640	  0.060947	  0.009113
 6.6906	 22.3823	  0.060844	  0.009094
 6.6934	 22.4005	  0.060742	  0.009075
 6.6961	 22.4187	  0.060640	  0.009056
 6.6988	 22.4369	  0.060539	  0.009037
 6.7015	 22.4550	  0.060438	  0.009019
 6.7042	 22.4731	  0.060338	  0.009000
 6.7069	 22.4912	  0.060238	  0.008982
 6.7096	 22.5092	  0.060139	  0.008963
 6.7123	 22.5272	  0.060040	  0.008945
 6.7149	 22.5452	  0.059942	  0.008927
 6.7176	 22.5631	  0.059845	  0.008909
 6.7203	 22.5810	  0.059748	  0.008891
 6.7229	 22.5988	  0.059651	  0.008873
 6.7256	 22.6166	  0.059555	  0.008855
 6.7282	 22.6344	  0.059460	  0.008837
 6.7308	 22.6522	  0.059365	  0.008820
 6.7335	 22.6699	  0.059270	  0.008802
 6.7361	 22.6875	  0.059177	  0.008785
 6.7387	 22.7052	  0.059083	  0.008768
 6.7413	 22.7228	  0.058990	  0.008751
 6.7439	 22.7403	  0.058898	  0.008733
 6.7465	 22.7579	  0.058806	  0.008716
 6.7491	 22.7754	  0.058715	  0.008700
 6.7517	 22.7928	  0.058624	  0.008683
 6.7543	 22.8102	  0.058533	  0.008666
 6.7569	 22.8276	  0.058443	  0.008649
 6.7594	 22.8450	  0.058354	  0.008633
 6.7620	 22.8623	  0.058265	  0.008617
 6.7645	 22.8796	  0.058176	  0.008600
 6.7671	 22.8968	  0.058088	  0.008584
 6.7696	 22.9140	  0.058001	  0.008568
 6.7722	 22.9312	  0.057914	  0.008552
 6.7747	 22.9483	  0.057827	  0.008536
 6.7772	 22.9654	  0.057741	  0.008520
 6.7797	 22.9824	  0.057655	  0.008504
 6.7822	 22.9994	  0.057570	  0.008488
 6.7848	 23.0164	  0.057485	  0.008473
 6.7872	 23.0334	  0.057401	  0.008457
 6.7897	 23.0503	  0.057317	  0.008442
 6.7922	 23.0671	  0.057234	  0.008426
 6.7947	 23.0840	  0.057151	  0.008411
 6.7972	 23.1008	  0.057068	  0.008396
 6.7996	 23.1175	  0.056986	  0.008381
 6.8021	 23.1343	  0.056904	  0.008366
 6.8045	 23.1509	  0.056823	  0.008351
 6.8070	 23.1676	  0.056742	  0.008336
 6.8094	 23.1842	  0.056662	  0.008321
 6.8119	 23.2008	  0.056582	  0.008306
 6.8143	 23.2173	  0.056503	  0.008292
 6.8167	 23.2338	  0.056423	  0.008277
 6.8191	 23.2503	  0.056345	  0.008263
 6.8215	 23.2667	  0.056266	  0.008248
 6.8239	 23.2831	  0.056189	  0.008234
 6.8263	 23.2994	  0.056111	  0.008220
 6.8287	 23.3157	  0.056034	  0.008206
 6.8311	 23.3320	  0.055958	  0.008192
 6.8335	 23.3483	  0.055881	  0.008178
 6.8359	 23.3645	  0.055806	  0.008164
 6.8382	 23.3806	  0.055730	  0.008150
 6.8406	 23.3968	  0.055655	  0.008136
 6.8429	 23.4128	  0.055580	  0.008122
 6.8453	 23.4289	  0.055506	  0.008109
 6.8476	 23.4449	  0.055432	  0.008095
 6.8499	 23.4609	  0.055359	  0.008082
 6.8523	 23.4768	  0.055286	  0.008068
 6.8546	 23.4927	  0.055213	  0.008055
 6.8569	 23.5086	  0.055141	  0.008042
 6.8592	 23.5244	  0.055069	  0.008028
 6.8615	 23.5402	  0.054997	  0.008015
 6.8638	 23.5560	  0.054926	  0.008002
 6.8661	 23.5717	  0.054856	  0.007989
 6.8684	 23.5874	  0.054785	  0.007976
 6.8707	 23.6030	  0.054715	  0.007964
 6.8729	 23.6186	  0.054645	  0.007951
 6.8752	 23.6342	  0.054576	  0.007938
 6.8775	 23.6497	  0.054507	  0.007925
 6.8797	 23.6652	  0.054438	  0.007913
 6.8820	 23.6806	  0.054370	  0.007900
 6.8842	 23.6961	  0.054302	  0.007888
 6.8864	 23.7114	  0.054235	  0.007876
 6.8887	 23.7268	  0.054168	  0.007863
 6.8909	 23.7421	  0.054101	  0.007851
 6.8931	 23.7574	  0.054034	  0.007839
 6.8953	 23.7726	  0.053968	  0.007827
 6.8975	 23.7878	  0.053902	  0.007815
 6.8997	 23.8029	  0.053837	  0.007803
 6.9019	 23.8180	  0.053772	  0.007791
 6.9041	 23.8331	  0.053707	  0.007779
 6.9063	 23.8482	  0.053643	  0.007767
 6.9084	 23.8632	  0.053578	  0.007756
 6.9106	 23.8781	  0.053515	  0.007744
 6.9127	 23.8931	  0.053451	  0.007732
 6.9149	 23.9079	  0.053388	  0.007721
 6.9171	 23.9228	  0.053325	  0.007709
 6.9192	 23.9376	  0.053263	  0.007698
 6.9213	 23.9524	  0.053201	  0.007686
 6.9235	 23.9671	  0.053139	  0.007675
 6.9256	 23.9818	  0.053077	  0.007664
 6.9277	 23.9965	  0.053016	  0.007653
 6.9298	 24.0111	  0.052955	  0.007642
 6.9319	 24.0257	  0.052895	  0.007631
 6.9340	 24.0403	  0.052834	  0.007620
 6.9361	 24.0548	  0.052774	  0.007609
 6.9382	 24.0693	  0.052715	  0.007598
 6.9403	 24.0837	  0.052655	  0.007587
 6.9424	 24.0981	  0.052596	  0.007576
 6.9444	 24.1125	  0.052538	  0.007565
 6.9465	 24.1268	  0.052479	  0.007555
 6.9485	 24.1411	  0.052421	  0.007544
 6.9506	 24.1554	  0.052363	  0.007534
 6.9526	 24.1696	  0.052306	  0.007523
 6.9547	 24.1838	  0.052249	  0.007513
 6.9567	 24.1979	  0.052192	  0.007502
 6.9587	 24.2120	  0.052135	  0.007492
 6.9608	 24.2261	  0.052079	  0.007482
 6.9628	 24.2401	  0.052022	  0.007472
 6.9648	 24.2541	  0.051967	  0.007461
 6.9668	 24.2681	  0.051911	  0.007451
 6.9688	 24.2820	  0.051856	  0.007441
 6.9708	 24.2959	  0.051801	  0.007431
 6.9728	 24.3097	  0.051746	  0.007421
 6.9747	 24.3235	  0.051692	  0.007411
 6.9767	 24.3373	  0.051638	  0.007401
 6.9787	 24.3511	  0.051584	  0.007392
 6.9807	 24.3648	  0.051530	  0.007382
 6.9826	 24.3784	  0.051477	  0.007372
 6.9846	 24.3920	  0.051424	  0.007363
 6.9865	 24.4056	  0.051371	  0.007353
 6.9884	 24.4192	  0.051319	  0.007343
 6.9904	 24.4327	  0.051267	  0.007334
 6.9923	 24.4462	  0.051215	  0.007324
 6.9942	 24.4596	  0.051163	  0.007315
 6.9961	 24.4730	  0.051112	  0.007306
 6.9981	 24.4864	  0.051060	  0.007296
 7.0000	 24.4997	  0.051009	  0.007287
 7.0019	 24.5130	  0.050959	  0.007278
 7.0038	 24.5263	  0.050908	  0.007269
 7.0056	 24.5395	  0.050858	  0.007260
 7.0075	 24.5527	  0.050808	  0.007251
 7.0094	 24.5659	  0.050759	  0.007242
 7.0113	 24.5790	  0.050709	  0.007233
 7.0131	 24.5921	  0.050660	  0.007224
 7.0150	 24.6051	  0.050611	  0.007215
 7.0169	 24.6181	  0.050562	  0.007206
 7.0187	 24.6311	  0.050514	  0.007197
 7.0205	 24.6440	  0.050466	  0.007188
 7.0224	 24.6569	  0.050418	  0.007180
 7.0242	 24.6698	  0.050370	  0.007171
 7.0260	 24.6826	  0.050323	  0.007162
 7.0279	 24.6954	  0.050276	  0.007154
 7.0297	 24.7081	  0.050229	  0.007145
 7.0315	 24.7209	  0.050182	  0.007137
 7.0333	 24.7335	  0.050135	  0.007128
 7.0351	 24.7462	  0.050089	  0.007120
 7.0369	 24.7588	  0.050043	  0.007112
 7.0387	 24.7714	  0.049997	  0.007103
 7.0404	 24.7839	  0.049952	  0.007095
 7.0422	 24.7964	  0.049906	  0.007087
 7.0440	 24.8089	  0.049861	  0.007079
 7.0458	 24.8213	  0.049816	  0.007070
 7.0475	 24.8337	  0.049771	  0.007062
 7.0493	 24.8461	  0.049727	  0.007054
 7.0510	 24.8584	  0.049683	  0.007046
 7.0528	 24.8707	  0.049639	  0.007038
 7.0545	 24.8830	  0.049595	  0.007030
 7.0562	 24.8952	  0.049551	  0.007022
 7.0580	 24.9074	  0.049508	  0.007014
 7.0597	 24.9195	  0.049465	  0.007007
 7.0614	 24.9316	  0.049422	  0.006999
 7.0631	 24.9437	  0.049379	  0.006991
 7.0648	 24.9558	  0.049336	  0.006983
 7.0665	 24.9678	  0.049294	  0.006976
 7.0682	 24.9797	  0.049252	  0.006968
 7.0699	 24.9917	  0.049210	  0.006961
 7.0716	 25.0036	  0.049168	  0.006953
 7.0733	 25.0155	  0.049127	  0.006945
 7.0749	 25.0273	  0.049086	  0.006938
 7.0766	 25.0391	  0.049044	  0.006931
 7.0783	 25.0509	  0.049004	  0.006923
 7.0799	 25.0626	  0.048963	  0.006916
 7.0816	 25.0743	  0.048922	  0.006908
 7.0832	 25.0860	  0.048882	  0.006901
 7.0849	 25.0976	  0.048842	  0.006894
 7.0865	 25.1092	  0.048802	  0.006887
 7.0881	 25.1207	  0.048762	  0.006879
 7.0897	 25.1323	  0.048723	  0.006872
 7.0914	 25.1438	  0.048684	  0.006865
 7.0930	 25.1552	  0.048645	  0.006858
 7.0946	 25.1666	  0.048606	  0.006851
 7.0962	 25.1780	  0.048567	  0.006844
 7.0978	 25.1894	  0.048528	  0.006837
 7.0994	 25.2007	  0.048490	  0.006830
 7.1010	 25.2120	  0.048452	  0.006823
 7.1026	 25.2233	  0.048414	  0.006816
 7.1042	 25.2345	  0.048376	  0.006810
 7.1057	 25.2457	  0.048338	  0.006803
 7.1073	 25.2568	  0.048301	  0.006796
 7.1089	 25.2679	  0.048264	  0.006789
 7.1104	 25.2790	  0.048227	  0.006783
 7.1120	 25.2901	  0.048190	  0.006776
 7.1135	 25.3011	  0.048153	  0.006769
 7.1151	 25.3121	  0.048116	  0.006763
 7.1166	 25.3230	  0.048080	  0.006756
 7.1181	 25.3340	  0.048044	  0.006750
 7.1197	 25.3448	  0.048008	  0.006743
 7.1212	 25.3557	  0.047972	  0.006737
 7.1227	 25.3665	  0.047936	  0.006730
 7.1242	 25.3773	  0.047901	  0.006724
 7.1257	 25.3881	  0.047866	  0.006717
 7.1272	 25.3988	  0.047830	  0.006711
 7.1287	 25.4095	  0.047796	  0.006705
 7.1302	 25.4201	  0.047761	  0.006698
 7.1317	 25.4307	  0.047726	  0.006692
 7.1332	 25.4413	  0.047692	  0.006686
 7.1347	 25.4519	  0.047657	  0.006680
 7.1362	 25.4624	  0.047623	  0.006673
 7.1376	 25.4729	  0.047589	  0.006667
 7.1391	 25.4834	  0.047555	  0.006661
 7.1406	 25.4938	  0.047522	  0.006655
 7.1420	 25.5042	  0.047488	  0.006649
 7.1435	 25.5146	  0.047455	  0.006643
 7.1449	 25.5249	  0.047422	  0.006637
 7.1464	 25.5352	  0.047389	  0.006631
 7.1478	 25.5455	  0.047356	  0.006625
 7.1492	 25.5557	  0.047323	  0.006619
 7.1506	 25.5659	  0.047291	  0.006613
 7.1521	 25.5761	  0.047258	  0.006608
 7.1535	 25.5862	  0.047226	  0.006602
 7.1549	 25.5963	  0.047194	  0.006596
 7.1563	 25.6064	  0.047162	  0.006590
 7.1577	 25.6164	  0.047130	  0.006585
 7.1591	 25.6265	  0.047099	  0.006579
 7.1605	 25.6364	  0.047067	  0.006573
 7.1619	 25.6464	  0.047036	  0.006568
 7.1633	 25.6563	  0.047005	  0.006562
 7.1647	 25.6662	  0.046974	  0.006556
 7.1660	 25.6761	  0.046943	  0.006551
 7.1674	 25.6859	  0.046912	  0.006545
 7.1688	 25.6957	  0.046882	  0.006540
 7.1701	 25.7054	  0.046851	  0.006534
 7.1715	 25.7152	  0.046821	  0.006529
 7.1728	 25.7249	  0.046791	  0.006523
 7.1742	 25.7345	  0.046761	  0.006518
 7.1755	 25.7442	  0.046731	  0.006513
 7.1769	 25.7538	  0.046701	  0.006507
 7.1782	 25.7634	  0.046672	  0.006502
 7.1795	 25.7729	  0.046642	  0.006497
 7.1809	 25.7824	  0.046613	  0.006491
 7.1822	 25.7919	  0.046584	  0.006486
 7.1835	 25.8014	  0.046555	  0.006481
 7.1848	 25.8108	  0.046526	  0.006476
 7.1861	 25.8202	  0.046497	  0.006470
 7.1874	 25.8296	  0.046469	  0.006465
 7.1887	 25.8389	  0.046440	  0.006460
 7.1900	 25.8482	  0.046412	  0.006455
 7.1913	 25.8575	  0.046384	  0.006450
 7.1926	 25.8668	  0.046355	  0.006445
 7.1939	 25.8760	  0.046328	  0.006440
 7.1952	 25.8852	  0.046300	  0.006435
 7.1964	 25.8943	  0.046272	  0.006430
 7.1977	 25.9035	  0.046244	  0.006425
 7.1990	 25.9126	  0.046217	  0.006420
 7.2002	 25.9216	  0.046190	  0.006415
 7.2015	 25.9307	  0.046163	  0.006410
 7.2027	 25.9397	  0.046136	  0.006405
 7.2040	 25.9487	  0.046109	  0.006400
 7.2052	 25.9576	  0.046082	  0.006396
 7.2065	 25.9665	  0.046055	  0.006391
 7.2077	 25.9754	  0.046029	  0.006386
 7.2089	 25.9843	  0.046002	  0.006381
 7.2102	 25.9931	  0.045976	  0.006377
 7.2114	 26.0019	  0.045950	  0.006372
 7.2126	 26.0107	  0.045924	  0.006367
 7.2138	 26.0195	  0.045898	  0.006363
 7.2150	 26.0282	  0.045872	  0.006358
 7.2162	 26.0369	  0.045847	  0.006353
 7.2174	 26.0456	  0.045821	  0.006349
 7.2186	 26.0542	  0.045796	  0.006344
 7.2198	 26.0628	  0.045770	  0.006340
 7.2210	 26.0714	  0.045745	  0.006335
 7.2222	 26.0799	  0.045720	  0.006330
 7.2234	 26.0885	  0.045695	  0.006326
 7.2245	 26.0969	  0.045670	  0.006322
 7.2257	 26.1054	  0.045645	  0.006317
 7.2269	 26.1139	  0.045621	  0.006313
 7.2280	 26.1223	  0.045596	  0.006308
 7.2292	 26.1307	  0.045572	  0.006304
 7.2304	 26.1390	  0.045548	  0.006300
 7.2315	 26.1473	  0.045524	  0.006295
 7.2327	 26.1556	  0.045500	  0.006291
 7.2338	 26.1639	  0.045476	  0.006287
 7.2349	 26.1722	  0.045452	  0.006282
 7.2361	 26.1804	  0.045428	  0.006278
 7.2372	 26.1886	  0.045404	  0.006274
 7.2383	 26.1967	  0.045381	  0.006270
 7.2395	 26.2049	  0.045358	  0.006265
 7.2406	 26.2130	  0.045334	  0.006261
 7.2417	 26.2211	  0.045311	  0.006257
 7.2428	 26.2291	  0.045288	  0.006253
 7.2439	 26.2371	  0.045265	  0.006249
 7.2450	 26.2451	  0.045242	  0.006245
 7.2461	 26.2531	  0.045220	  0.006241
 7.2472	 26.2611	  0.045197	  0.006236
 7.2483	 26.2690	  0.045174	  0.006232
 7.2494	 26.2769	  0.045152	  0.006228
 7.2505	 26.2848	  0.045130	  0.006224
 7.2516	 26.2926	  0.045107	  0.006220
 7.2526	 26.3004	  0.045085	  0.006216
 7.2537	 26.3082	  0.045063	  0.006212
 7.2548	 26.3160	  0.045041	  0.006208
 7.2559	 26.3237	  0.045019	  0.006205
 7.2569	 26.3314	  0.044998	  0.006201
 7.2580	 26.3391	  0.044976	  0.006197
 7.2590	 26.3468	  0.044955	  0.006193
 7.2601	 26.3544	  0.044933	  0.006189
 7.2611	 26.3620	  0.044912	  0.006185
 7.2622	 26.3696	  0.044891	  0.006181
 7.2632	 26.3771	  0.044870	  0.006178
 7.2643	 26.3847	  0.044849	  0.006174
 7.2653	 26.3922	  0.044828	  0.006170
 7.2663	 26.3997	  0.044807	  0.006166
 7.2673	 26.4071	  0.044786	  0.006163
 7.2684	 26.4145	  0.044765	  0.006159
 7.2694	 26.4219	  0.044745	  0.006155
 7.2704	 26.4293	  0.044724	  0.006152
 7.2714	 26.4367	  0.044704	  0.006148
 7.2724	 26.4440	  0.044684	  0.006144
 7.2734	 26.4513	  0.044664	  0.006141
 7.2744	 26.4586	  0.044643	  0.006137
 7.2754	 26.4658	  0.044623	  0.006133
 7.2764	 26.4731	  0.044604	  0.006130
 7.2774	 26.4803	  0.044584	  0.006126
 7.2784	 26.4874	  0.044564	  0.006123
 7.2794	 26.4946	  0.044544	  0.006119
 7.2803	 26.5017	  0.044525	  0.006116
 7.2813	 26.5088	  0.044505	  0.006112
 7.2823	 26.5159	  0.044486	  0.006109
 7.2833	 26.5230	  0.044467	  0.006105
 7.2842	 26.5300	  0.044448	  0.006102
 7.2852	 26.5370	  0.044428	  0.006098
 7.2862	 26.5440	  0.044409	  0.006095
 7.2871	 26.5510	  0.044391	  0.006092
 7.2881	 26.5579	  0.044372	  0.006088
 7.2890	 26.5648	  0.044353	  0.006085
 7.2900	 26.5717	  0.044334	  0.006082
 7.2909	 26.5786	  0.044316	  0.006078
 7.2918	 26.5854	  0.044297	  0.006075
 7.2928	 26.5922	  0.044279	  0.006072
 7.2937	 26.5990	  0.044260	  0.006068
 7.2946	 26.6058	  0.044242	  0.006065
 7.2955	 26.6125	  0.044224	  0.006062
 7.2965	 26.6192	  0.044206	  0.006059
 7.2974	 26.6259	  0.044188	  0.006055
 7.2983	 26.6326	  0.044170	  0.006052
 7.2992	 26.6393	  0.044152	  0.006049
 7.3001	 26.6459	  0.044134	  0.006046
 7.3010	 26.6525	  0.044117	  0.006043
 7.3019	 26.6591	  0.044099	  0.006039
 7.3028	 26.6657	  0.044082	  0.006036
 7.3037	 26.6722	  0.044064	  0.006033
 7.3046	 26.6787	  0.044047	  0.006030
 7.3055	 26.6852	  0.044029	  0.006027
 7.3064	 26.6917	  0.044012	  0.006024
 7.3073	 26.6981	  0.043995	  0.006021
 7.3082	 26.7046	  0.043978	  0.006018
 7.3090	 26.7110	  0.043961	  0.006015
 7.3099	 26.7173	  0.043944	  0.006012
 7.3108	 26.7237	  0.043927	  0.006009
 7.3116	 26.7300	  0.043911	  0.006006
 7.3125	 26.7363	  0.043894	  0.006003
 7.3134	 26.7426	  0.043877	  0.006000
 7.3142	 26.7489	  0.043861	  0.005997
 7.3151	 26.7552	  0.043844	  0.005994
 7.3159	 26.7614	  0.043828	  0.005991
 7.3168	 26.7676	  0.043812	  0.005988
 7.3176	 26.7738	  0.043795	  0.005985
 7.3185	 26.7799	  0.043779	  0.005982
 7.3193	 26.7861	  0.043763	  0.005979
 7.3201	 26.7922	  0.043747	  0.005976
 7.3210	 26.7983	  0.043731	  0.005973
 7.3218	 26.8043	  0.043715	  0.005971
 7.3226	 26.8104	  0.043699	  0.005968
 7.3234	 26.8164	  0.043684	  0.005965
 7.3243	 26.8224	  0.043668	  0.005962
 7.3251	 26.8284	  0.043652	  0.005959
 7.3259	 26.8344	  0.043637	  0.005957
 7.3267	 26.8403	  0.043621	  0.005954
 7.3275	 26.8463	  0.043606	  0.005951
 7.3283	 26.8522	  0.043591	  0.005948
 7.3291	 26.8581	  0.043576	  0.005946
 7.3299	 26.8639	  0.043560	  0.005943
 7.3307	 26.8698	  0.043545	  0.005940
 7.3315	 26.8756	  0.043530	  0.005937
 7.3323	 26.8814	  0.043515	  0.005935
 7.3331	 26.8872	  0.043500	  0.005932
 7.3339	 26.8929	  0.043485	  0.005929
 7.3347	 26.8987	  0.043471	  0.005927
 7.3354	 26.9044	  0.043456	  0.005924
 7.3362	 26.9101	  0.043441	  0.005921
 7.3370	 26.9158	  0.043427	  0.005919
 7.3378	 26.9214	  0.043412	  0.005916
 7.3385	 26.9270	  0.043398	  0.005914
 7.3393	 26.9327	  0.043383	  0.005911
 7.3401	 26.9383	  0.043369	  0.005909
 7.3408	 26.9438	  0.043355	  0.005906
 7.3416	 26.9494	  0.043341	  0.005903
 7.3423	 26.9549	  0.043326	  0.005901
 7.3431	 26.9605	  0.043312	  0.005898
 7.3438	 26.9660	  0.043298	  0.005896
 7.3446	 26.9714	  0.043284	  0.005893
 7.3453	 26.9769	  0.043270	  0.005891
 7.3461	 26.9823	  0.043257	  0.005888
 7.3468	 26.9877	  0.043243	  0.005886
 7.3475	 26.9931	  0.043229	  0.005883
 7.3483	 26.9985	  0.043216	  0.005881
 7.3490	 27.0039	  0.043202	  0.005879
 7.3497	 27.0092	  0.043188	  0.005876
 7.3504	 27.0146	  0.043175	  0.005874
 7.3512	 27.0199	  0.043162	  0.005871
 7.3519	 27.0251	  0.043148	  0.005869
 7.3526	 27.0304	  0.043135	  0.005867
 7.3533	 27.0357	  0.043122	  0.005864
 7.3540	 27.0409	  0.043109	  0.005862
 7.3547	 27.0461	  0.043095	  0.005860
 7.3554	 27.0513	  0.043082	  0.005857
 7.3561	 27.0565	  0.043069	  0.005855
 7.3568	 27.0616	  0.043056	  0.005853
 7.3575	 27.0667	  0.043044	  0.005850
 7.3582	 27.0719	  0.043031	  0.005848
 7.3589	 27.0770	  0.043018	  0.005846
 7.3596	 27.0820	  0.043005	  0.005843
 7.3603	 27.0871	  0.042993	  0.005841
 7.3610	 27.0921	  0.042980	  0.005839
 7.3617	 27.0972	  0.042967	  0.005837
 7.3624	 27.1022	  0.042955	  0.005834
 7.3630	 27.1072	  0.042942	  0.005832
 7.3637	 27.1121	  0.042930	  0.005830
 7.3644	 27.1171	  0.042918	  0.005828
 7.3651	 27.1220	  0.042905	  0.005826
 7.3657	 27.1269	  0.042893	  0.005823
 7.3664	 27.1318	  0.042881	  0.005821
 7.3671	 27.1367	  0.042869	  0.005819
 7.3677	 27.1416	  0.042857	  0.005817
 7.3684	 27.1464	  0.042845	  0.005815
 7.3690	 27.1513	  0.042833	  0.005813
 7.3697	 27.1561	  0.042821	  0.005810
 7.3703	 27.1609	  0.042809	  0.005808
 7.3710	 27.1656	  0.042797	  0.005806
 7.3716	 27.1704	  0.042786	  0.005804
 7.3723	 27.1751	  0.042774	  0.005802
 7.3729	 27.1798	  0.042762	  0.005800
 7.3735	 27.1846	  0.042751	  0.005798
 7.3742	 27.1892	  0.042739	  0.005796
 7.3748	 27.1939	  0.042728	  0.005794
 7.3754	 27.1986	  0.042716	  0.005792
 7.3761	 27.2032	  0.042705	  0.005790
 7.3767	 27.2078	  0.042693	  0.005788
 7.3773	 27.2124	  0.042682	  0.005786
 7.3779	 27.2170	  0.042671	  0.005784
 7.3786	 27.2216	  0.042660	  0.005782
 7.3792	 27.2261	  0.042649	  0.005780
 7.3798	 27.2307	  0.042637	  0.005778
 7.3804	 27.2352	  0.042626	  0.005776
 7.3810	 27.2397	  0.042615	  0.005774
 7.3816	 27.2442	  0.042604	  0.005772
 7.3822	 27.2487	  0.042594	  0.005770
 7.3828	 27.2531	  0.042583	  0.005768
 7.3834	 27.2576	  0.042572	  0.005766
 7.3840	 27.2620	  0.042561	  0.005764
 7.3846	 27.2664	  0.042550	  0.005762
 7.3852	 27.2708	  0.042540	  0.005760
 7.3858	 27.2751	  0.042529	  0.005758
 7.3864	 27.2795	  0.042519	  0.005756
 7.3870	 27.2838	  0.042508	  0.005754
 7.3876	 27.2882	  0.042497	  0.005753
 7.3882	 27.2925	  0.042487	  0.005751
 7.3887	 27.2968	  0.042477	  0.005749
 7.3893	 27.3011	  0.042466	  0.005747
 7.3899	 27.3053	  0.042456	  0.005745
 7.3905	 27.3096	  0.042446	  0.005743
 7.3910	 27.3138	  0.042435	  0.005741
 7.3916	 27.3180	  0.042425	  0.005740
 7.3922	 27.3222	  0.042415	  0.005738
 7.3928	 27.3264	  0.042405	  0.005736
 7.3933	 27.3306	  0.042395	  0.005734
 7.3939	 27.3347	  0.042385	  0.005732
 7.3944	 27.3389	  0.042375	  0.005731
 7.3950	 27.3430	  0.042365	  0.005729
 7.3956	 27.3471	  0.042355	  0.005727
 7.3961	 27.3512	  0.042345	  0.005725
 7.3967	 27.3553	  0.042336	  0.005724
 7.3972	 27.3593	  0.042326	  0.005722
 7.3978	 27.3634	  0.042316	  0.005720
 7.3983	 27.3674	  0.042307	  0.005718
 7.3988	 27.3714	  0.042297	  0.005717
 7.3994	 27.3754	  0.042287	  0.005715
 7.3999	 27.3794	  0.042278	  0.005713
 7.4005	 27.3834	  0.042268	  0.005712
 7.4010	 27.3873	  0.042259	  0.005710
 7.4015	 27.3913	  0.042249	  0.005708
 7.4021	 27.3952	  0.042240	  0.005707
 7.4026	 27.3991	  0.042231	  0.005705
 7.4031	 27.4030	  0.042221	  0.005703
 7.4036	 27.4069	  0.042212	  0.005702
 7.4042	 27.4108	  0.042203	  0.005700
 7.4047	 27.4146	  0.042194	  0.005698
 7.4052	 27.4185	  0.042185	  0.005697
 7.4057	 27.4223	  0.042176	  0.005695
 7.4062	 27.4261	  0.042167	  0.005693
 7.4067	 27.4299	  0.042158	  0.005692
 7.4073	 27.4337	  0.042149	  0.005690
 7.4078	 27.4375	  0.042140	  0.005689
 7.4083	 27.4412	  0.042131	  0.005687
 7.4088	 27.4450	  0.042122	  0.005685
 7.4093	 27.4487	  0.042113	  0.005684
 7.4098	 27.4524	  0.042104	  0.005682
 7.4103	 27.4561	  0.042095	  0.005681
 7.4108	 27.4598	  0.042087	  0.005679
 7.4113	 27.4635	  0.042078	  0.005678
 7.4118	 27.4671	  0.042069	  0.005676
 7.4123	 27.4708	  0.042061	  0.005674
 7.4127	 27.4744	  0.042052	  0.005673
 7.4132	 27.4780	  0.042044	  0.005671
 7.4137	 27.4816	  0.042035	  0.005670
 7.4142	 27.4852	  0.042027	  0.005668
 7.4147	 27.4888	  0.042018	  0.005667
 7.4152	 27.4924	  0.042010	  0.005665
 7.4157	 27.4959	  0.042002	  0.005664
 7.4161	 27.4995	  0.041993	  0.005662
 7.4166	 27.5030	  0.041985	  0.005661
 7.4171	 27.5065	  0.041977	  0.005659
 7.4175	 27.5100	  0.041969	  0.005658
 7.4180	 27.5135	  0.041960	  0.005657
 7.4185	 27.5170	  0.041952	  0.005655
 7.4190	 27.5204	  0.041944	  0.005654
 7.4194	 27.5239	  0.041936	  0.005652
 7.4199	 27.5273	  0.041928	  0.005651
 7.4203	 27.5307	  0.041920	  0.005649
 7.4208	 27.5341	  0.041912	  0.005648
 7.4213	 27.5375	  0.041904	  0.005647
 7.4217	 27.5409	  0.041896	  0.005645
 7.4222	 27.5443	  0.041888	  0.005644
 7.4226	 27.5477	  0.041881	  0.005642
 7.4231	 27.5510	  0.041873	  0.005641
 7.4235	 27.5543	  0.041865	  0.005640
 7.4240	 27.5577	  0.041857	  0.005638
 7.4244	 27.5610	  0.041850	  0.005637
 7.4249	 27.5643	  0.041842	  0.005635
 7.4253	 27.5675	  0.041834	  0.005634
 7.4257	 27.5708	  0.041827	  0.005633
 7.4262	 27.5741	  0.041819	  0.005631
 7.4266	 27.5773	  0.041812	  0.005630
 7.4271	 27.5806	  0.041804	  0.005629
 7.4275	 27.5838	  0.041797	  0.005627
 7.4279	 27.5870	  0.041789	  0.005626
 7.4283	 27.5902	  0.041782	  0.005625
 7.4288	 27.5934	  0.041774	  0.005623
 7.4292	 27.5965	  0.041767	  0.005622
 7.4296	 27.5997	  0.041760	  0.005621
 7.4301	 27.6029	  0.041753	  0.005619
 7.4305	 27.6060	  0.041745	  0.005618
 7.4309	 27.6091	  0.041738	  0.005617
 7.4313	 27.6122	  0.041731	  0.005616
 7.4317	 27.6153	  0.041724	  0.005614
 7.4321	 27.6184	  0.041717	  0.005613
 7.4326	 27.6215	  0.041709	  0.005612
 7.4330	 27.6246	  0.041702	  0.005610
 7.4334	 27.6276	  0.041695	  0.005609
 7.4338	 27.6307	  0.041688	  0.005608
 7.4342	 27.6337	  0.041681	  0.005607
 7.4346	 27.6367	  0.041674	  0.005605
 7.4350	 27.6397	  0.041668	  0.005604
 7.4354	 27.6427	  0.041661	  0.005603
 7.4358	 27.6457	  0.041654	  0.005602
 7.4362	 27.6487	  0.041647	  0.005601
 7.4366	 27.6517	  0.041640	  0.005599
 7.4370	 27.6546	  0.041633	  0.005598
 7.4374	 27.6576	  0.041627	  0.005597
 7.4378	 27.6605	  0.041620	  0.005596
 7.4382	 27.6634	  0.041613	  0.005595
 7.4386	 27.6663	  0.041607	  0.005593
 7.4390	 27.6692	  0.041600	  0.005592
 7.4394	 27.6721	  0.041593	  0.005591
 7.4398	 27.6750	  0.041587	  0.005590
 7.4401	 27.6778	  0.041580	  0.005589
 7.4405	 27.6807	  0.041574	  0.005587
 7.4409	 27.6835	  0.041567	  0.005586
 7.4413	 27.6864	  0.041561	  0.005585
 7.4417	 27.6892	  0.041554	  0.005584
 7.4420	 27.6920	  0.041548	  0.005583
 7.4424	 27.6948	  0.041541	  0.005582
 7.4428	 27.6976	  0.041535	  0.005581
 7.4432	 27.7004	  0.041529	  0.005579
 7.4435	 27.7031	  0.041522	  0.005578
 7.4439	 27.7059	  0.041516	  0.005577
 7.4443	 27.7086	  0.041510	  0.005576
 7.4446	 27.7114	  0.041504	  0.005575
 7.4450	 27.7141	  0.041498	  0.005574
 7.4454	 27.7168	  0.041491	  0.005573
 7.4457	 27.7195	  0.041485	  0.005572
 7.4461	 27.7222	  0.041479	  0.005571
 7.4465	 27.7249	  0.041473	  0.005569
 7.4468	 27.7276	  0.041467	  0.005568
 7.4472	 27.7303	  0.041461	  0.005567
 7.4475	 27.7329	  0.041455	  0.005566
 7.4479	 27.7356	  0.041449	  0.005565
 7.4482	 27.7382	  0.041443	  0.005564
 7.4486	 27.7408	  0.041437	  0.005563
 7.4490	 27.7434	  0.041431	  0.005562
 7.4493	 27.7460	  0.041425	  0.005561
 7.4496	 27.7486	  0.041419	  0.005560
 7.4500	 27.7512	  0.041413	  0.005559
 7.4503	 27.7538	  0.041408	  0.005558
 7.4507	 27.7564	  0.041402	  0.005557
 7.4510	 27.7589	  0.041396	  0.005556
 7.4514	 27.7615	  0.041390	  0.005555
 7.4517	 27.7640	  0.041385	  0.005554
 7.4520	 27.7665	  0.041379	  0.005553
 7.4524	 27.7690	  0.041373	  0.005552
 7.4527	 27.7715	  0.041368	  0.005551
 7.4531	 27.7740	  0.041362	  0.005550
 7.4534	 27.7765	  0.041356	  0.005549
 7.4537	 27.7790	  0.041351	  0.005548
 7.4541	 27.7815	  0.041345	  0.005547
 7.4544	 27.7839	  0.041340	  0.005546
 7.4547	 27.7864	  0.041334	  0.005545
 7.4550	 27.7888	  0.041329	  0.005544
 7.4554	 27.7913	  0.041323	  0.005543
 7.4557	 27.7937	  0.041318	  0.005542
 7.4560	 27.7961	  0.041312	  0.005541
 7.4563	 27.7985	  0.041307	  0.005540
 7.4567	 27.8009	  0.041302	  0.005539
 7.4570	 27.8033	  0.041296	  0.005538
 7.4573	 27.8057	  0.041291	  0.005537
 7.4576	 27.8080	  0.041286	  0.005536
 7.4579	 27.8104	  0.041280	  0.005535
 7.4582	 27.8127	  0.041275	  0.005534
 7.4586	 27.8151	  0.041270	  0.005533
 7.4589	 27.8174	  0.041265	  0.005532
 7.4592	 27.8197	  0.041259	  0.005531
 7.4595	 27.8220	  0.041254	  0.005530
 7.4598	 27.8243	  0.041249	  0.005530
 7.4601	 27.8266	  0.041244	  0.005529
 7.4604	 27.8289	  0.041239	  0.005528
 7.4607	 27.8312	  0.041234	  0.005527
 7.4610	 27.8335	  0.041229	  0.005526
 7.4613	 27.8357	  0.041224	  0.005525
 7.4616	 27.8380	  0.041219	  0.005524
 7.4619	 27.8402	  0.041214	  0.005523
 7.4622	 27.8425	  0.041209	  0.005522
 7.4625	 27.8447	  0.041204	  0.005521
 7.4628	 27.8469	  0.041199	  0.005521
 7.4631	 27.8491	  0.041194	  0.005520
 7.4634	 27.8513	  0.041189	  0.005519
 7.4637	 27.8535	  0.041184	  0.005518
 7.4640	 27.8557	  0.041179	  0.005517
 7.4643	 27.8579	  0.041174	  0.005516
 7.4646	 27.8600	  0.041169	  0.005515
 7.4649	 27.8622	  0.041165	  0.005514
 7.4652	 27.8643	  0.041160	  0.005514
 7.4655	 27.8665	  0.041155	  0.005513
 7.4657	 27.8686	  0.041150	  0.005512
 7.4660	 27.8707	  0.041146	  0.005511
 7.4663	 27.8729	  0.041141	  0.005510
 7.4666	 27.8750	  0.041136	  0.005509
 7.4669	 27.8771	  0.041132	  0.005509
 7.4671	 27.8792	  0.041127	  0.005508
 7.4674	 27.8812	  0.041122	  0.005507
 7.4677	 27.8833	  0.041118	  0.005506
 7.4680	 27.8854	  0.041113	  0.005505
 7.4683	 27.8875	  0.041109	  0.005504
 7.4685	 27.8895	  0.041104	  0.005504
 7.4688	 27.8916	  0.041100	  0.005503
 7.4691	 27.8936	  0.041095	  0.005502
 7.4694	 27.8956	  0.041091	  0.005501
 7.4696	 27.8976	  0.041086	  0.005500
 7.4699	 27.8997	  0.041082	  0.005500
 7.4702	 27.9017	  0.041077	  0.005499
 7.4704	 27.9037	  0.041073	  0.005498
 7.4707	 27.9056	  0.041068	  0.005497
 7.4710	 27.9076	  0.041064	  0.005496
 7.4712	 27.9096	  0.041060	  0.005496
 7.4715	 27.9116	  0.041055	  0.005495
 7.4718	 27.9135	  0.041051	  0.005494
 7.4720	 27.9155	  0.041047	  0.005493
 7.4723	 27.9174	  0.041042	  0.005493
 7.4725	 27.9194	  0.041038	  0.005492
 7.4728	 27.9213	  0.041034	  0.005491
 7.4730	 27.9232	  0.041030	  0.005490
 7.4733	 27.9251	  0.041025	  0.005490
 7.4736	 27.9270	  0.041021	  0.005489
 7.4738	 27.9289	  0.041017	  0.005488
 7.4741	 27.9308	  0.041013	  0.005487
 7.4743	 27.9327	  0.041009	  0.005487
 7.4746	 27.9346	  0.041005	  0.005486
 7.4748	 27.9365	  0.041000	  0.005485
 7.4751	 27.9383	  0.040996	  0.005484
 7.4753	 27.9402	  0.040992	  0.005484
 7.4756	 27.9420	  0.040988	  0.005483
 7.4758	 27.9439	  0.040984	  0.005482
 7.4761	 27.9457	  0.040980	  0.005482
 7.4763	 27.9475	  0.040976	  0.005481
 7.4765	 27.9494	  0.040972	  0.005480
 7.4768	 27.9512	  0.040968	  0.005479
 7.4770	 27.9530	  0.040964	  0.005479
 7.4773	 27.9548	  0.040960	  0.005478
 7.4775	 27.9566	  0.040956	  0.005477
 7.4777	 27.9584	  0.040952	  0.005477
 7.4780	 27.9601	  0.040949	  0.005476
 7.4782	 27.9619	  0.040945	  0.005475
 7.4785	 27.9637	  0.040941	  0.005474
 7.4787	 27.9654	  0.040937	  0.005474
 7.4789	 27.9672	  0.040933	  0.005473
 7.4792	 27.9689	  0.040929	  0.005472
 7.4794	 27.9707	  0.040925	  0.005472
 7.4796	 27.9724	  0.040922	  0.005471
 7.4799	 27.9741	  0.040918	  0.005470
 7.4801	 27.9758	  0.040914	  0.005470
 7.4803	 27.9776	  0.040910	  0.005469
 7.4805	 27.9793	  0.040907	  0.005468
 7.4808	 27.9810	  0.040903	  0.005468
 7.4810	 27.9827	  0.040899	  0.005467
 7.4812	 27.9843	  0.040896	  0.005466
 7.4814	 27.9860	  0.040892	  0.005466
 7.4817	 27.9877	  0.040888	  0.005465
 7.4819	 27.9894	  0.040885	  0.005464
 7.4821	 27.9910	  0.040881	  0.005464
 7.4823	 27.9927	  0.040877	  0.005463
 7.4826	 27.9943	  0.040874	  0.005463
 7.4828	 27.9959	  0.040870	  0.005462
 7.4830	 27.9976	  0.040867	  0.005461
 7.4832	 27.9992	  0.040863	  0.005461
 7.4834	 28.0008	  0.040860	  0.005460
 7.4836	 28.0024	  0.040856	  0.005459
 7.4839	 28.0040	  0.040853	  0.005459
 7.4841	 28.0057	  0.040849	  0.005458
 7.4843	 28.0072	  0.040846	  0.005458
 7.4845	 28.0088	  0.040842	  0.005457
 7.4847	 28.0104	  0.040839	  0.005456
 7.4849	 28.0120	  0.040835	  0.005456
 7.4851	 28.0136	  0.040832	  0.005455
 7.4853	 28.0151	  0.040829	  0.005454
 7.4855	 28.0167	  0.040825	  0.005454
 7.4858	 28.0182	  0.040822	  0.005453
 7.4860	 28.0198	  0.040818	  0.005453
 7.4862	 28.0213	  0.040815	  0.005452
 7.4864	 28.0229	  0.040812	  0.005451
 7.4866	 28.0244	  0.040808	  0.005451
 7.4868	 28.0259	  0.040805	  0.005450
 7.4870	 28.0274	  0.040802	  0.005450
 7.4872	 28.0289	  0.040799	  0.005449
 7.4874	 28.0304	  0.040795	  0.005449
 7.4876	 28.0319	  0.040792	  0.005448
 7.4878	 28.0334	  0.040789	  0.005447
 7.4880	 28.0349	  0.040786	  0.005447
 7.4882	 28.0364	  0.040782	  0.005446
 7.4884	 28.0379	  0.040779	  0.005446
 7.4886	 28.0394	  0.040776	  0.005445
 7.4888	 28.0408	  0.040773	  0.005445
 7.4890	 28.0423	  0.040770	  0.005444
 7.4892	 28.0437	  0.040767	  0.005443
 7.4893	 28.0452	  0.040763	  0.005443
 7.4895	 28.0466	  0.040760	  0.005442
 7.4897	 28.0481	  0.040757	  0.005442
 7.4899	 28.0495	  0.040754	  0.005441
 7.4901	 28.0509	  0.040751	  0.005441
 7.4903	 28.0523	  0.040748	  0.005440
 7.4905	 28.0537	  0.040745	  0.005440
 7.4907	 28.0552	  0.040742	  0.005439
 7.4909	 28.0566	  0.040739	  0.005438
 7.4911	 28.0580	  0.040736	  0.005438
 7.4912	 28.0593	  0.040733	  0.005437
 7.4914	 28.0607	  0.040730	  0.005437
 7.4916	 28.0621	  0.040727	  0.005436
 7.4918	 28.0635	  0.040724	  0.005436
 7.4920	 28.0649	  0.040721	  0.005435
 7.4922	 28.0662	  0.040718	  0.005435
 7.4923	 28.0676	  0.040715	  0.005434
 7.4925	 28.0689	  0.040712	  0.005434
 7.4927	 28.0703	  0.040709	  0.005433
 7.4929	 28.0716	  0.040706	  0.005433
 7.4931	 28.0730	  0.040703	  0.005432
 7.4932	 28.0743	  0.040701	  0.005432
 7.4934	 28.0756	  0.040698	  0.005431
 7.4936	 28.0770	  0.040695	  0.005431
 7.4938	 28.0783	  0.040692	  0.005430
 7.4939	 28.0796	  0.040689	  0.005430
 7.4941	 28.0809	  0.040686	  0.005429
 7.4943	 28.0822	  0.040684	  0.005429
 7.4945	 28.0835	  0.040681	  0.005428
 7.4946	 28.0848	  0.040678	  0.005428
 7.4948	 28.0861	  0.040675	  0.005427
 7.4950	 28.0873	  0.040672	  0.005427
 7.4951	 28.0886	  0.040670	  0.005426
 7.4953	 28.0899	  0.040667	  0.005426
 7.4955	 28.0912	  0.040664	  0.005425
 7.4957	 28.0924	  0.040662	  0.005425
 7.4958	 28.0937	  0.040659	  0.005424
 7.4960	 28.0949	  0.040656	  0.005424
 7.4962	 28.0962	  0.040653	  0.005423
 7.4963	 28.0974	  0.040651	  0.005423
 7.4965	 28.0987	  0.040648	  0.005422
 7.4967	 28.0999	  0.040645	  0.005422
 7.4968	 28.1011	  0.040643	  0.005421
 7.4970	 28.1023	  0.040640	  0.005421
 7.4971	 28.1036	  0.040638	  0.005420
 7.4973	 28.1048	  0.040635	  0.005420
 7.4975	 28.1060	  0.040632	  0.005419
 7.4976	 28.1072	  0.040630	  0.005419
 7.4978	 28.1084	  0.040627	  0.005419
 7.4979	 28.1096	  0.040625	  0.005418
 7.4981	 28.1108	  0.040622	  0.005418
 7.4983	 28.1120	  0.040620	  0.005417
 7.4984	 28.1131	  0.040617	  0.005417
 7.4986	 28.1143	  0.040615	  0.005416
 7.4987	 28.1155	  0.040612	  0.005416
 7.4989	 28.1167	  0.040610	  0.005415
 7.4990	 28.1178	  0.040607	  0.005415
 7.4992	 28.1190	  0.040605	  0.005415
 7.4994	 28.1201	  0.040602	  0.005414
 7.4995	 28.1213	  0.040600	  0.005414
 7.4997	 28.1224	  0.040597	  0.005413
 7.4998	 28.1236	  0.040595	  0.005413
 7.5000	 28.1247	  0.040592	  0.005412
 7.5001	 28.1258	  0.040590	  0.005412
 7.5003	 28.1270	  0.040588	  0.005411
 7.5004	 28.1281	  0.040585	  0.005411
 7.5006	 28.1292	  0.040583	  0.005411
 7.5007	 28.1303	  0.040580	  0.005410
 7.5009	 28.1314	  0.040578	  0.005410
 7.5010	 28.1325	  0.040576	  0.005409
 7.5011	 28.1336	  0.040573	  0.005409
 7.5013	 28.1347	  0.040571	  0.005409
 7.5014	 28.1358	  0.040569	  0.005408
 7.5016	 28.1369	  0.040566	  0.005408
 7.5017	 28.1380	  0.040564	  0.005407
 7.5019	 28.1391	  0.040562	  0.005407
 7.5020	 28.1401	  0.040559	  0.005406
 7.5022	 28.1412	  0.040557	  0.005406
 7.5023	 28.1423	  0.040555	  0.005406
 7.5024	 28.1433	  0.040553	  0.005405
 7.5026	 28.1444	  0.040550	  0.005405
 7.5027	 28.1454	  0.040548	  0.005404
 7.5029	 28.1465	  0.040546	  0.005404
 7.5030	 28.1475	  0.040544	  0.005404
 7.5031	 28.1486	  0.040541	  0.005403
 7.5033	 28.1496	  0.040539	  0.005403
 7.5034	 28.1506	  0.040537	  0.005402
 7.5036	 28.1517	  0.040535	  0.005402
 7.5037	 28.1527	  0.040533	  0.005402
 7.5038	 28.1537	  0.040530	  0.005401
